 2015-09-11 03:40:30	1441942830	2250527814	38.1943817	-120.6867218	1	142.152989871
 2015-09-12 03:06:42	1442027202	3162932497	38.18305574	-120.88637106	1	124.794196129
 2015-09-11 20:27:11	1442003231	42557375	38.190751	-120.830746	1	129.600730598
 2015-09-11 19:36:01	1442000161	16303692	38.31158821	-120.72137007	-1	139.136586001
 2015-09-11 16:40:34	1441989634	3162932497	38.11765345	-120.84227641	-1	129.270130793
 2015-09-12 01:18:34	1442020714	1904502050	36.3285789	-119.6479187	1	317.503269389
 2015-09-12 12:13:45	1442060025	42557375	38.213795	-120.628365	-1	147.167085021
 2015-09-13 00:10:55	1442103055	2250527814	38.1961	-120.679	1	142.818543351
 2015-09-12 20:26:20	1442089580	2250527814	38.19935942	-120.68827788	1	141.992979511
 2015-09-12 17:14:27	1442078067	2250527814	38.19935942	-120.68827788	1	141.992979511
 2015-09-12 18:28:20	1442082500	42557375	38.197446	-120.68076	1	142.658362327
 2015-09-13 01:55:08	1442109308	78139213	38.91055556	-122.61027778	-1	78.7676614094
 2015-09-13 01:11:07	1442106667	78139213	38.92953512	-122.61593438	-1	80.9217350704
 2015-09-13 02:04:49	1442109889	78139213	38.92953512	-122.61593438	-1	80.9217350704
 2015-09-13 01:03:55	1442106235	78139213	38.92953512	-122.61593438	-1	80.9217350704
 2015-09-13 03:51:24	1442116284	78139213	38.92953512	-122.61593438	-1	80.9217350704
 2015-09-13 20:49:15	1442177355	257511482	38.1902618	-120.8317261	1	129.518001911
 2015-09-13 22:00:44	1442181644	257511482	38.1924515	-120.8314819	1	129.526902685
 2015-09-13 20:43:13	1442176993	257511482	38.1395798	-120.8621292	1	127.285874356
 2015-09-13 20:54:13	1442177653	257511482	38.1907082	-120.832016	1	129.49013219
 2015-09-13 20:45:07	1442177107	257511482	38.19225454	-120.82573988	-1	130.029179234
 2015-09-13 06:43:11	1442126591	46608206	38.1961	-120.679	-1	142.818543351
 2015-09-13 06:34:17	1442126057	46608206	38.1961	-120.679	-1	142.818543351
 2015-09-14 02:18:18	1442197098	2250527814	38.19935942	-120.68827788	-1	141.992979511
 2015-09-14 00:46:54	1442191614	2250527814	38.1961	-120.679	1	142.818543351
 2015-09-14 01:41:34	1442194894	2250527814	38.19935942	-120.68827788	1	141.992979511
 2015-09-14 00:47:01	1442191621	2250527814	38.1961	-120.679	-1	142.818543351
 2015-09-13 22:09:00	1442182140	14438590	38.75331269	-122.61758912	-1	62.793969693
 2015-09-13 22:00:51	1442181651	14438590	38.75333444	-122.61750061	-1	62.7929073079
 2015-09-13 19:48:19	1442173699	14438590	38.75265802	-122.61510649	-1	62.6369998669
 2015-09-14 02:28:06	1442197686	48164516	38.947968	-122.734014	-1	86.6715053888
 2015-09-13 20:02:38	1442174558	14438590	38.75259005	-122.61637584	-1	62.6766253024
 2015-09-13 21:27:00	1442179620	14438590	38.75053337	-122.61433924	-1	62.3947288167
 2015-09-13 22:04:17	1442181857	14438590	38.75333444	-122.61750061	-1	62.7929073079
 2015-09-13 22:10:26	1442182226	14438590	38.75334639	-122.61746507	-1	62.792804982
 2015-09-13 20:08:21	1442174901	14438590	38.75273601	-122.61618637	-1	62.684386028
 2015-09-14 05:45:02	1442209502	2970031968	38.80108948	-122.56760127	-1	66.0598275142
 2015-09-14 00:45:46	1442191546	78139213	38.9365692	-122.6305466	-1	82.0797680673
 2015-09-14 01:21:53	1442193713	19412624	38.9528	-122.631	1	83.7934987057
 2015-09-13 21:31:42	1442179902	14438590	38.75178962	-122.61319868	-1	62.4798014705
 2015-09-13 21:36:14	1442180174	14438590	38.75569566	-122.61517105	-1	62.9458113477
 2015-09-13 13:24:28	1442150668	78139213	38.9365692	-122.6305466	1	82.0797680673
 2015-09-14 05:14:44	1442207684	2970031968	38.80108948	-122.56760127	1	66.0598275142
 2015-09-13 21:30:40	1442179840	14438590	38.75050062	-122.61442205	-1	62.3944587052
 2015-09-15 01:04:07	1442279047	173266012	38.2094	-120.463	1	161.62312656
 2015-09-15 04:18:29	1442290709	257511482	38.18305574	-120.88637106	-1	124.794196129
 2015-09-15 03:33:42	1442288022	46138536	38.940006	-122.632773	-1	82.5045384687
 2015-09-14 20:17:10	1442261830	14438590	38.7535999	-122.61470616	-1	62.7173889699
 2015-09-14 22:04:12	1442268252	46138536	38.939975	-122.632857	1	82.5037561414
 2015-09-14 14:26:26	1442240786	387170537	38.75236182	-122.61543699	-1	62.6192246981
 2015-09-14 18:40:29	1442256029	14438590	38.79380118	-122.54167171	1	64.5664212061
 2015-09-14 19:22:06	1442258526	14438590	38.75616572	-122.6120183	-1	62.8791580105
 2015-09-14 23:47:32	1442274452	2691599196	39.0616	-122.8272	1	101.548958772
 2015-09-14 18:41:52	1442256112	14438590	38.79363417	-122.54299915	1	64.5844790644
 2015-09-14 17:04:44	1442250284	14438590	38.75071874	-122.61512183	-1	62.4420800017
 2015-09-15 03:42:47	1442288567	46138536	38.940073	-122.63274	1	82.5105817138
 2015-09-16 01:20:32	1442366432	30697133	38.1890964	-120.65431019	1	145.010188745
 2015-09-15 20:51:24	1442350284	2960196001	38.9499542	-122.63025573	-1	83.4736356165
 2015-09-15 20:11:40	1442347900	14438590	38.7514556	-122.61519148	-1	62.5188912868
 2015-09-15 20:12:17	1442347937	14438590	38.75145472	-122.61520447	1	62.5192784163
 2015-09-15 19:19:33	1442344773	46138536	38.939923	-122.633063	1	82.504354041
 2015-09-15 16:03:59	1442333039	20698195	38.7539444	-122.6221619	-1	63.026539762
 2015-09-15 19:12:28	1442344348	46138536	38.940023	-122.632779	1	82.5064928164
 2015-09-16 05:20:23	1442380823	559062672	38.77424709	-122.6938081	-1	67.8896629522
 2015-09-16 03:22:27	1442373747	559062672	38.77424709	-122.6938081	-1	67.8896629522
 2015-09-15 21:52:35	1442353955	46138536	38.939923	-122.633063	1	82.504354041
 2015-09-16 02:25:43	1442370343	33142966	38.752404	-122.614985	-1	62.606945268
 2015-09-15 22:39:43	1442356783	46138536	38.939923	-122.633063	1	82.504354041
 2015-09-15 23:20:09	1442359209	559062672	38.77424709	-122.6938081	-1	67.8896629522
 2015-09-16 05:18:05	1442380685	559062672	38.77424709	-122.6938081	-1	67.8896629522
 2015-09-16 05:19:35	1442380775	559062672	38.77424709	-122.6938081	-1	67.8896629522
 2015-09-15 22:26:20	1442355980	559062672	38.77424709	-122.6938081	-1	67.8896629522
 2015-09-16 17:54:46	1442426086	16018834	38.192239	-120.83161	1	129.516906376
 2015-09-17 04:49:19	1442465359	78139213	39.017994	-122.579111	-1	89.3934926597
 2015-09-16 22:55:59	1442444159	2960196001	39.02852	-122.57749	1	90.4882655086
 2015-09-16 18:12:25	1442427145	37541274	38.7527	-122.617	-1	62.7106130441
 2015-09-16 18:30:40	1442428240	46138536	38.94003	-122.632786	1	82.5074302269
 2015-09-16 19:17:39	1442431059	2960196001	39.02852	-122.57749	1	90.4882655086
 2015-09-16 19:52:16	1442433136	2960196001	39.02862297	-122.57778172	1	90.5057750583
 2015-09-17 20:41:49	1442522509	3389535999	38.2438316	-120.5713806	-1	152.081184824
 2015-09-17 22:28:47	1442528927	39803371	38.809315	-122.57261	-1	67.0672864982
 2015-09-17 22:11:38	1442527898	39803371	38.822258	-122.570458	-1	68.3617635416
 2015-09-19 00:44:03	1442623443	2250527814	38.1961	-120.679	-1	142.818543351
 2015-09-19 03:21:29	1442632889	2250527814	38.19935942	-120.68827788	-1	141.992979511
 2015-09-19 03:28:04	1442633284	2250527814	38.19935942	-120.68827788	1	141.992979511
 2015-09-19 01:22:39	1442625759	525945247	38.761014	-122.611486	-1	63.3508846488
 2015-09-18 21:12:36	1442610756	439525185	38.75221173	-122.61541754	1	62.6033831659
 2015-09-19 23:30:28	1442705428	2250527814	38.19935942	-120.68827788	-1	141.992979511
 2015-09-20 00:25:18	1442708718	2250527814	38.19935942	-120.68827788	-1	141.992979511
 2015-09-20 02:39:58	1442716798	2250527814	38.19935942	-120.68827788	-1	141.992979511
 2015-09-19 23:34:03	1442705643	2250527814	38.19935942	-120.68827788	1	141.992979511
 2015-09-19 23:15:40	1442704540	2250527814	38.19935942	-120.68827788	-1	141.992979511
 2015-09-19 20:46:57	1442695617	30697133	38.2516	-120.514	1	157.087560234
 2015-09-19 20:01:46	1442692906	46138536	38.940061	-122.632729	1	82.5090040468
 2015-09-20 05:39:39	1442727579	400802274	39.0449	-122.918	-1	103.653921887
 2015-09-19 23:09:27	1442704167	167612938	38.75048554	-122.61503184	-1	62.4152818048
 2015-09-21 04:47:02	1442810822	2250527814	38.19935942	-120.68827788	-1	141.992979511
 2015-09-20 17:59:40	1442771980	2827032366	38.75045375	-122.61487766	1	62.406425481
 2015-09-20 17:15:31	1442769331	2827032366	38.75069596	-122.61478015	1	62.4272617889
 2015-09-20 20:00:06	1442779206	58941053	38.76092065	-122.6092788	1	63.2628579982
 2015-09-22 05:22:51	1442899371	2250527814	38.19935942	-120.68827788	1	141.992979511
 2015-09-22 04:58:36	1442897916	2250527814	38.19935942	-120.68827788	1	141.992979511
 2015-09-22 02:33:04	1442889184	46197686	35.3760155	-119.02848909	-1	432.385516609
 2015-09-22 02:39:11	1442889551	46197686	35.37967601	-119.02019199	-1	432.580881651
 2015-09-22 05:05:53	1442898353	1690090639	35.670598	-119.2368872	1	395.447078612
 2015-09-21 20:47:52	1442868472	1524469938	38.8254221	-122.72166071	1	74.0357939996
 2015-09-22 05:43:10	1442900590	2284308234	38.7527	-122.617	1	62.7106130441
