 2015-09-08 13:40:53	1441719653	289604230	37.61858891	-121.7424691	1	85.4334069822
 2015-09-08 15:05:33	1441724733	17957736	36.73617735	-119.79099642	-1	278.407589642
 2015-09-08 15:00:00	1441724400	292984580	36.814258	-119.731075	-1	277.500069874
 2015-09-08 15:21:12	1441725672	15497992	36.84687561	-119.70145666	1	277.563001152
 2015-09-08 14:56:50	1441724210	41702959	36.79988842	-119.76259896	1	276.166335694
 2015-09-09 03:24:53	1441769093	89069901	36.32872765	-119.646855	1	317.561879875
 2015-09-09 02:46:25	1441766785	89069901	36.32872765	-119.646855	-1	317.561879875
 2015-09-08 14:59:11	1441724351	420134448	34.07661188	-118.59907881	1	570.515855013
 2015-09-08 18:11:35	1441735895	804848594	34.0517426	-118.4713058	-1	579.537050396
 2015-09-09 01:09:28	1441760968	2690749454	33.9747009	-118.1128464	-1	606.018922282
 2015-09-09 05:14:55	1441775695	478573379	37.36278303	-119.64227529	1	254.146192715
 2015-09-09 05:14:55	1441775695	478573379	37.36278303	-119.64227529	1	254.146192715
 2015-09-08 23:16:47	1441754207	27902929	37.74382699	-119.59807559	1	244.236764035
 2015-09-08 23:16:47	1441754207	27902929	37.74382699	-119.59807559	1	244.236764035
 2015-09-09 01:42:43	1441762963	2846194557	37.571171	-118.998705	-1	300.143079554
 2015-09-09 01:42:43	1441762963	2846194557	37.571171	-118.998705	-1	300.143079554
 2015-09-08 23:20:09	1441754409	744647971	33.77758531	-117.99671684	1	629.973603707
 2015-09-09 00:39:35	1441759175	388169819	33.9293	-117.952	-1	619.076133752
 2015-09-09 00:59:09	1441760349	43738757	33.91878831	-117.96631185	-1	619.186810586
 2015-09-09 01:19:09	1441761549	19955062	33.85814429	-117.97021777	-1	624.306675972
 2015-09-09 01:28:08	1441762088	19955062	33.89909358	-117.96976446	1	620.722885648
 2015-09-09 02:11:31	1441764691	37953587	33.90755939	-117.93673524	-1	621.84847555
 2015-09-09 02:14:26	1441764866	37953587	33.90755939	-117.93673524	-1	621.84847555
 2015-09-09 04:36:10	1441773370	28652783	33.6480215	-117.91115654	1	646.255971286
 2015-09-09 04:55:14	1441774514	33840705	33.9175644	-117.9112015	1	622.425064468
 2015-09-09 01:58:14	1441763894	34545236	38.62427194	-121.44983045	1	86.3849338806
 2015-09-08 14:06:19	1441721179	2934121826	32.97335808	-117.21777809	1	744.902967081
 2015-09-08 18:27:35	1441736855	3274684938	37.7919922	-122.4359665	1	51.1273912531
 2015-09-09 00:08:48	1441757328	2854467805	37.79572797	-122.43986038	1	50.7950064433
 2015-09-09 01:23:51	1441761831	2365991	37.788681	-122.3983231	1	50.8986467272
 2015-09-09 01:22:49	1441761769	2365991	37.788681	-122.3983231	1	50.8986467272
 2015-09-09 04:17:45	1441772265	17770781	37.61190165	-122.39009837	1	70.3287995833
 2015-09-08 23:28:38	1441754918	47694271	40.54448964	-123.18894571	1	266.9209369
 2015-09-08 23:28:38	1441754918	47694271	40.54448964	-123.18894571	1	266.9209369
 2015-09-08 22:13:25	1441750405	42557375	37.940387	-120.430883	-1	168.059914004
 2015-09-08 22:13:25	1441750405	42557375	37.940387	-120.430883	-1	168.059914004
 2015-09-08 15:06:41	1441724801	976730767	34.18139796	-119.23666349	-1	529.045677946
 2015-09-09 00:55:03	1441760103	23038383	34.1533571	-118.82604336	-1	551.734891945
 2015-09-09 14:17:16	1441808236	24110185	36.85103831	-119.83849263	-1	267.356480538
 2015-09-09 19:05:09	1441825509	18501682	36.78719831	-118.9174513	-1	340.305810194
 2015-09-09 17:47:11	1441820831	2690749454	34.14576273	-118.14153297	-1	589.358799354
 2015-09-09 18:12:15	1441822335	450350489	33.8979836	-118.3646622	1	599.17397216
 2015-09-09 06:09:15	1441778955	2196824209	36.70035601	-121.60138457	-1	182.498511599
 2015-09-09 20:31:58	1441830718	33840705	33.9175644	-117.9112015	1	622.425064468
 2015-09-09 22:40:50	1441838450	1104324829	33.81101019	-117.92008435	1	631.283105542
 2015-09-10 03:41:27	1441856487	164761758	33.81521332	-117.91879185	-1	630.984807353
 2015-09-10 02:24:14	1441851854	34545236	38.62427194	-121.44983045	-1	86.3849338806
 2015-09-10 04:37:09	1441859829	37837231	32.7489799	-117.12875885	1	769.9203827
 2015-09-10 00:54:24	1441846464	130621096	37.31675968	-121.93006561	-1	108.182053993
 2015-09-10 00:53:24	1441846404	130621096	37.31690645	-121.93257985	-1	108.098023382
 2015-09-10 00:54:18	1441846458	15363146	37.045364	-121.26929	-1	161.645391281
 2015-09-10 02:54:30	1441853670	1335100963	37.3216705	-121.9701614	1	106.614548197
 2015-09-10 23:10:44	1441926644	288449381	38.33921934	-120.7703968	-1	135.0510433
 2015-09-11 01:14:48	1441934088	23041729	38.3507	-120.774	1	134.83603512
 2015-09-10 23:10:44	1441926644	288449381	38.33921934	-120.7703968	-1	135.0510433
 2015-09-11 01:14:48	1441934088	23041729	38.3507	-120.774	1	134.83603512
 2015-09-11 03:40:30	1441942830	2250527814	38.1943817	-120.6867218	1	142.152989871
 2015-09-11 03:40:30	1441942830	2250527814	38.1943817	-120.6867218	1	142.152989871
 2015-09-11 02:20:36	1441938036	339477614	38.7383	-120.674	1	152.956528449
 2015-09-11 02:20:36	1441938036	339477614	38.7383	-120.674	1	152.956528449
 2015-09-11 02:33:17	1441938797	3189341233	36.8090286	-119.7886505	1	273.695347649
 2015-09-10 06:52:43	1441867963	278848943	34.0690994	-118.2277069	1	591.257689834
 2015-09-10 06:43:34	1441867414	52852598	34.0865517	-118.4464264	1	577.723505629
 2015-09-10 07:28:56	1441870136	1642033027	34.19692377	-118.45122245	1	567.551258837
 2015-09-10 20:04:38	1441915478	2298811243	33.76243463	-118.16497006	-1	622.145097022
 2015-09-10 20:13:14	1441915994	64825763	34.1650047	-118.4043808	1	572.968178969
 2015-09-10 20:58:18	1441918698	390497327	34.03928337	-118.24999875	1	592.671439942
 2015-09-10 22:06:39	1441922799	60481591	34.0522	-118.243	-1	591.90922726
 2015-09-10 06:14:20	1441865660	14610587	37.32946487	-119.64897494	1	255.101170174
 2015-09-10 06:12:00	1441865520	14610587	37.32946487	-119.64897494	1	255.101170174
 2015-09-10 22:47:48	1441925268	29576754	37.74382699	-119.59807559	-1	244.236764035
 2015-09-10 22:47:48	1441925268	29576754	37.74382699	-119.59807559	-1	244.236764035
 2015-09-11 02:20:53	1441938053	536430418	37.316453	-120.476357	1	191.379920122
 2015-09-11 02:20:53	1441938053	536430418	37.316453	-120.476357	1	191.379920122
 2015-09-11 02:20:53	1441938053	536430418	37.316453	-120.476357	1	191.379920122
 2015-09-10 17:18:15	1441905495	1135682012	37.6389722	-118.96473256	-1	301.133939552
 2015-09-11 02:20:53	1441938053	536430418	37.316453	-120.476357	1	191.379920122
 2015-09-10 17:18:15	1441905495	1135682012	37.6389722	-118.96473256	-1	301.133939552
 2015-09-10 17:49:34	1441907374	26898230	38.5175	-122.48027778	1	33.9905458601
 2015-09-10 17:10:36	1441905036	174111075	33.7964211	-117.8738632	1	635.171954516
 2015-09-10 17:56:56	1441907816	36809658	33.9175644	-117.9112015	1	622.425064468
 2015-09-11 02:01:32	1441936892	31057952	33.5653	-117.644	1	668.511268264
 2015-09-11 02:41:57	1441939317	31057952	33.5653	-117.644	1	668.511268264
 2015-09-11 02:29:13	1441938553	44817706	38.5816116	-121.5052032	1	79.8881258443
 2015-09-11 01:47:40	1441936060	498464459	37.78681	-122.41247	1	51.3007639201
 2015-09-10 06:11:17	1441865477	2439472254	36.5238113	-119.2831802	-1	328.803637558
 2015-09-11 22:22:35	1442010155	170148957	38.3507	-120.774	1	134.83603512
 2015-09-12 05:55:42	1442037342	1223643325	38.39477021	-120.80302148	1	132.813835191
 2015-09-11 20:07:21	1442002041	301003700	38.38633619	-120.73330201	-1	138.743847748
 2015-09-11 22:22:35	1442010155	170148957	38.3507	-120.774	1	134.83603512
 2015-09-12 05:55:42	1442037342	1223643325	38.39477021	-120.80302148	1	132.813835191
 2015-09-11 20:07:21	1442002041	301003700	38.38633619	-120.73330201	-1	138.743847748
 2015-09-12 03:06:42	1442027202	3162932497	38.18305574	-120.88637106	1	124.794196129
 2015-09-11 20:27:11	1442003231	42557375	38.190751	-120.830746	1	129.600730598
 2015-09-11 19:36:01	1442000161	16303692	38.31158821	-120.72137007	-1	139.136586001
 2015-09-11 16:40:34	1441989634	3162932497	38.11765345	-120.84227641	-1	129.270130793
 2015-09-12 03:06:42	1442027202	3162932497	38.18305574	-120.88637106	-1	124.794196129
 2015-09-11 20:27:11	1442003231	42557375	38.190751	-120.830746	1	129.600730598
 2015-09-11 19:36:01	1442000161	16303692	38.31158821	-120.72137007	-1	139.136586001
 2015-09-11 16:40:34	1441989634	3162932497	38.11765345	-120.84227641	-1	129.270130793
 2015-09-11 08:00:52	1441958452	18398675	38.6882	-121.078	-1	118.429843011
 2015-09-11 15:07:19	1441984039	13546802	38.72002978	-121.10095864	-1	118.148571522
 2015-09-11 21:37:12	1442007432	915813450	38.58807903	-120.6630648	1	148.810432959
 2015-09-12 02:33:08	1442025188	43752313	38.852494	-120.021122	1	210.554381149
 2015-09-11 14:21:26	1441981286	40079606	36.76689471	-119.7964635	1	275.943368422
 2015-09-12 02:33:08	1442025188	43752313	38.852494	-120.021122	1	210.554381149
 2015-09-11 16:20:28	1441988428	151183091	36.808983	-119.708315	-1	279.489078372
 2015-09-11 16:18:35	1441988315	17301423	36.855238	-120.451611	1	225.116630691
 2015-09-11 17:49:31	1441993771	1975177363	36.70410673	-119.78024947	-1	281.35582081
 2015-09-11 18:38:41	1441996721	17301423	36.8549	-120.452428	-1	225.090156452
 2015-09-12 01:18:34	1442020714	1904502050	36.3285789	-119.6479187	1	317.503269389
 2015-09-11 15:27:44	1441985264	59373539	33.9913787	-118.125261	-1	603.850027393
 2015-09-11 17:06:51	1441991211	2177378209	33.82358119	-118.39010535	1	604.620822885
 2015-09-11 19:39:14	1442000354	322360263	34.23510339	-118.53482262	-1	559.577809868
 2015-09-11 19:50:27	1442001027	54324791	34.099371	-118.326837	1	583.083492081
 2015-09-12 00:15:47	1442016947	3015281559	33.83569865	-118.31500271	-1	607.476552591
 2015-09-12 01:24:41	1442021081	390594839	34.09594444	-118.33	1	583.215249323
 2015-09-12 01:36:08	1442021768	54324791	34.099371	-118.326837	1	583.083492081
 2015-09-12 01:53:27	1442022807	278848943	34.06920933	-118.22786426	1	591.239194441
 2015-09-12 02:08:28	1442023708	104100660	34.07248684	-118.39949914	1	581.524874367
 2015-09-12 03:47:44	1442029664	509640772	37.7177	-119.632	-1	242.065451896
 2015-09-12 03:47:44	1442029664	509640772	37.7177	-119.632	-1	242.065451896
 2015-09-11 20:26:14	1442003174	17301423	36.9210584	-120.826864	-1	196.722328406
 2015-09-12 02:23:49	1442024629	3061976358	36.55461995	-121.92266534	1	190.705248092
 2015-09-11 17:27:34	1441992454	2690749454	33.8700218	-117.9191513	-1	626.139467622
 2015-09-11 19:30:40	1441999840	29889964	33.84341784	-118.00038245	-1	623.921372214
 2015-09-11 22:34:24	1442010864	388169819	33.8799	-117.929	-1	624.714262746
 2015-09-12 03:09:55	1442027395	900732667	33.8703596	-117.9242966	1	625.818585632
 2015-09-11 18:23:58	1441995838	34545236	38.6367226	-121.4315643	1	88.4468234088
 2015-09-11 20:14:18	1442002458	18739245	38.66978023	-121.1560061	1	111.421764212
 2015-09-11 23:31:23	1442014283	791811192	38.64423065	-121.13513067	-1	111.917309545
 2015-09-12 00:04:40	1442016280	200388252	38.56143862	-121.49523042	1	79.636098723
 2015-09-12 02:03:52	1442023432	578644480	38.50188455	-121.42804755	-1	82.3884743119
 2015-09-12 02:04:22	1442023462	578644480	38.50188455	-121.42804755	1	82.3884743119
 2015-09-11 16:05:25	1441987525	26344698	34.1065216	-117.3694	1	638.765397435
 2015-09-11 20:07:10	1442002030	1866700987	32.7201691	-117.1676712	-1	770.381712298
 2015-09-11 21:57:01	1442008621	567001701	32.8322906	-117.1370392	1	761.991582606
 2015-09-11 13:42:17	1441978937	2764828837	37.775	-122.418	-1	52.6780056198
 2015-09-12 02:22:09	1442024529	2616021932	37.775	-122.418	-1	52.6780056198
 2015-09-11 15:42:13	1441986133	1465187420	38.130205	-121.295955	-1	89.730015298
 2015-09-11 18:00:28	1441994428	599431335	35.23878997	-120.68471281	-1	364.017628215
 2015-09-12 04:03:46	1442030626	599431335	35.45579897	-120.63901576	-1	343.677299312
 2015-09-12 04:03:46	1442030626	599431335	35.45579897	-120.63901576	-1	343.677299312
 2015-09-11 20:50:07	1442004607	714706188	34.435452	-119.82756	1	478.128554626
 2015-09-11 23:07:40	1442012860	15212714	37.9803581	-120.3836288	1	171.259860524
 2015-09-11 23:07:40	1442012860	15212714	37.9803581	-120.3836288	1	171.259860524
 2015-09-12 15:28:37	1442071717	10127862	37.70384893	-121.81051781	1	74.2418266819
 2015-09-12 18:12:38	1442081558	1392939710	37.710888	-121.714401	-1	78.9397885981
 2015-09-13 01:50:03	1442109003	183081551	37.79143289	-122.27046435	1	50.1757717308
 2015-09-12 22:58:04	1442098684	252476992	38.37854707	-120.80234172	-1	132.667904832
 2015-09-12 21:27:19	1442093239	195118712	38.46568459	-120.54209708	-1	156.402153675
 2015-09-12 22:58:04	1442098684	252476992	38.37854707	-120.80234172	-1	132.667904832
 2015-09-12 21:27:19	1442093239	195118712	38.46568459	-120.54209708	-1	156.402153675
 2015-09-12 12:13:45	1442060025	42557375	38.213795	-120.628365	-1	147.167085021
 2015-09-13 00:10:55	1442103055	2250527814	38.1961	-120.679	1	142.818543351
 2015-09-12 20:26:20	1442089580	2250527814	38.19935942	-120.68827788	1	141.992979511
 2015-09-12 17:14:27	1442078067	2250527814	38.19935942	-120.68827788	-1	141.992979511
 2015-09-12 18:28:20	1442082500	42557375	38.197446	-120.68076	1	142.658362327
 2015-09-12 12:13:45	1442060025	42557375	38.213795	-120.628365	-1	147.167085021
 2015-09-13 00:10:55	1442103055	2250527814	38.1961	-120.679	1	142.818543351
 2015-09-12 20:26:20	1442089580	2250527814	38.19935942	-120.68827788	1	141.992979511
 2015-09-12 17:14:27	1442078067	2250527814	38.19935942	-120.68827788	1	141.992979511
 2015-09-12 18:28:20	1442082500	42557375	38.197446	-120.68076	1	142.658362327
 2015-09-12 17:47:42	1442080062	26370867	38.7723721	-120.8243942	1	142.331645295
 2015-09-13 00:31:24	1442104284	17106517	35.44888889	-118.91083333	1	433.595204133
 2015-09-12 09:49:34	1442051374	270596631	34.1053734	-118.3188248	1	582.989714181
 2015-09-12 21:50:24	1442094624	18709184	34.0928	-117.799	-1	613.816529539
 2015-09-12 22:50:18	1442098218	14262772	34.23510339	-118.53482262	1	559.577809868
 2015-09-13 01:11:47	1442106707	404516664	34.07319439	-117.8854541	-1	610.413753023
 2015-09-13 01:47:25	1442108845	730201182	34.6978149	-118.1439056	1	542.301441574
 2015-09-13 02:24:05	1442111045	176286805	34.14898511	-118.37497281	1	576.012293244
 2015-09-12 14:28:46	1442068126	346023152	37.06867373	-120.19046195	1	227.835764482
 2015-09-12 14:28:46	1442068126	346023152	37.06867373	-120.19046195	1	227.835764482
 2015-09-12 17:50:24	1442080224	36239848	36.6588646	-121.7899582	-1	181.925547712
 2015-09-12 23:25:20	1442100320	36769733	36.2703	-121.806	1	223.722227209
 2015-09-13 05:03:45	1442120625	34386517	38.58138889	-122.58277778	1	44.5213237618
 2015-09-13 05:03:45	1442120625	34386517	38.58138889	-122.58277778	1	44.5213237618
 2015-09-12 22:37:10	1442097430	2805388854	33.81362349	-117.91881143	1	631.123991951
 2015-09-13 03:27:43	1442114863	258553110	33.72260092	-117.7901592	1	646.398066883
 2015-09-12 21:33:15	1442093595	391178126	33.66943623	-117.38291196	-1	674.570602249
 2015-09-13 05:11:51	1442121111	80521964	33.9802516	-117.41229501	1	646.553406922
 2015-09-13 05:11:51	1442121111	80521964	33.9802516	-117.41229501	1	646.553406922
 2015-09-12 15:47:34	1442072854	33669743	38.68402851	-121.24249506	-1	105.385383979
 2015-09-12 17:21:02	1442078462	3244530936	38.687746	-121.180158	-1	110.396674182
 2015-09-13 00:57:12	1442105832	3244530936	38.60785	-121.268072	1	99.7135173918
 2015-09-13 01:59:15	1442109555	21341027	38.6780281	-121.2674713	1	103.155154838
 2015-09-12 07:38:21	1442043501	205357810	32.71973554	-117.05825505	1	776.437468593
 2015-09-12 18:16:16	1442081776	1206130273	37.7723074	-122.3866801	-1	52.5649701673
 2015-09-12 23:42:26	1442101346	167612938	37.79954947	-122.40153668	1	49.7467227591
 2015-09-13 00:04:28	1442102668	167612938	37.79956118	-122.40151496	1	49.7451393465
 2015-09-13 01:41:46	1442108506	167612938	37.79950888	-122.4015587	-1	49.7514824369
 2015-09-13 04:31:33	1442118693	525106231	37.80842773	-122.4128437	1	48.9393759467
 2015-09-13 04:27:10	1442118430	17549947	37.7608719	-122.4369202	1	54.5318403387
 2015-09-12 21:16:15	1442092575	599431335	35.4557747	-120.63916264	1	343.674081283
 2015-09-12 21:16:37	1442092597	599431335	35.45574734	-120.63905689	1	343.680909685
 2015-09-12 21:42:26	1442094146	599431335	35.45582533	-120.63909511	1	343.671588792
 2015-09-12 21:19:35	1442092775	599431335	35.45571674	-120.63924915	-1	343.67658021
 2015-09-12 22:19:42	1442096382	599431335	35.45578452	-120.63902669	1	343.678332161
 2015-09-12 20:33:47	1442090027	416613194	37.11277722	-121.64219703	1	138.685142214
 2015-09-13 03:32:50	1442115170	356384366	38.5248571	-122.8661412	1	57.6128426064
 2015-09-13 04:26:20	1442118380	356384366	38.5254613	-122.8659371	1	57.6345691532
 2015-09-13 03:32:50	1442115170	356384366	38.5248571	-122.8661412	1	57.6128426064
 2015-09-13 04:26:20	1442118380	356384366	38.5254613	-122.8659371	1	57.6345691532
 2015-09-12 13:39:45	1442065185	976730767	34.18238895	-119.22544885	1	529.475761049
 2015-09-13 06:29:31	1442125771	3464286984	37.6610794	-121.8735504	1	75.1525134586
 2015-09-14 04:16:47	1442204207	911661313	37.85394391	-122.24617656	-1	43.4808464073
 2015-09-13 19:49:14	1442173754	1226775120	38.4319	-120.571	-1	153.386112306
 2015-09-13 15:18:43	1442157523	1909388095	38.39217	-120.765213	-1	136.052036354
 2015-09-13 19:49:14	1442173754	1226775120	38.4319	-120.571	-1	153.386112306
 2015-09-13 15:18:43	1442157523	1909388095	38.39217	-120.765213	1	136.052036354
 2015-09-14 02:18:18	1442197098	2250527814	38.19935942	-120.68827788	1	141.992979511
 2015-09-14 00:46:54	1442191614	2250527814	38.1961	-120.679	1	142.818543351
 2015-09-14 01:41:34	1442194894	2250527814	38.19935942	-120.68827788	1	141.992979511
 2015-09-14 00:47:01	1442191621	2250527814	38.1961	-120.679	-1	142.818543351
 2015-09-14 02:18:18	1442197098	2250527814	38.19935942	-120.68827788	1	141.992979511
 2015-09-14 00:46:54	1442191614	2250527814	38.1961	-120.679	1	142.818543351
 2015-09-14 01:41:34	1442194894	2250527814	38.19935942	-120.68827788	1	141.992979511
 2015-09-13 12:24:49	1442147089	16165092	37.93518303	-121.71521866	1	62.4095075738
 2015-09-14 00:47:01	1442191621	2250527814	38.1961	-120.679	-1	142.818543351
 2015-09-13 18:13:47	1442168027	16165092	37.93529569	-121.71529644	-1	62.3969343745
 2015-09-13 16:51:52	1442163112	18322095	35.119762	-118.447677	1	489.077216693
 2015-09-13 19:02:16	1442170936	142322731	35.49999947	-119.27290996	-1	407.436319162
 2015-09-13 22:09:00	1442182140	14438590	38.75331269	-122.61758912	-1	62.793969693
 2015-09-13 22:00:51	1442181651	14438590	38.75333444	-122.61750061	-1	62.7929073079
 2015-09-13 19:48:19	1442173699	14438590	38.75265802	-122.61510649	-1	62.6369998669
 2015-09-14 02:28:06	1442197686	48164516	38.947968	-122.734014	-1	86.6715053888
 2015-09-13 20:02:38	1442174558	14438590	38.75259005	-122.61637584	-1	62.6766253024
 2015-09-13 21:27:00	1442179620	14438590	38.75053337	-122.61433924	-1	62.3947288167
 2015-09-13 22:04:17	1442181857	14438590	38.75333444	-122.61750061	-1	62.7929073079
 2015-09-13 22:10:26	1442182226	14438590	38.75334639	-122.61746507	-1	62.792804982
 2015-09-13 20:08:21	1442174901	14438590	38.75273601	-122.61618637	-1	62.684386028
 2015-09-14 05:45:02	1442209502	2970031968	38.80108948	-122.56760127	-1	66.0598275142
 2015-09-14 00:45:46	1442191546	78139213	38.9365692	-122.6305466	-1	82.0797680673
 2015-09-14 01:21:53	1442193713	19412624	38.9528	-122.631	1	83.7934987057
 2015-09-13 21:31:42	1442179902	14438590	38.75178962	-122.61319868	-1	62.4798014705
 2015-09-13 21:36:14	1442180174	14438590	38.75569566	-122.61517105	-1	62.9458113477
 2015-09-13 13:24:28	1442150668	78139213	38.9365692	-122.6305466	1	82.0797680673
 2015-09-14 05:14:44	1442207684	2970031968	38.80108948	-122.56760127	1	66.0598275142
 2015-09-13 21:30:40	1442179840	14438590	38.75050062	-122.61442205	-1	62.3944587052
 2015-09-13 14:36:31	1442154991	341367868	33.96805556	-118.29527778	1	596.56582619
 2015-09-13 14:53:24	1442156004	930784507	33.73371869	-118.2940502	-1	617.886820222
 2015-09-13 21:31:27	1442179887	413840305	33.9964294	-118.4776993	1	584.223128828
 2015-09-14 01:16:47	1442193407	58717791	33.94452	-118.39607	1	593.275043214
 2015-09-14 01:21:40	1442193700	269177715	33.838374	-118.36146718	1	604.773371769
 2015-09-14 05:37:47	1442209067	431338292	34.10735671	-118.33754639	1	581.782384937
 2015-09-13 18:41:09	1442169669	536430418	37.5222816	-120.2982635	1	194.041743812
 2015-09-13 18:43:42	1442169822	536430418	37.5222816	-120.2982635	1	194.041743812
 2015-09-13 18:41:09	1442169669	536430418	37.5222816	-120.2982635	1	194.041743812
 2015-09-13 18:43:42	1442169822	536430418	37.5222816	-120.2982635	1	194.041743812
 2015-09-13 18:36:14	1442169374	24345645	38.97087922	-123.09816818	1	105.9981879
 2015-09-13 18:34:52	1442169292	24345645	38.97087922	-123.09816818	1	105.9981879
 2015-09-13 18:36:14	1442169374	24345645	38.97087922	-123.09816818	1	105.9981879
 2015-09-13 18:34:52	1442169292	24345645	38.97087922	-123.09816818	1	105.9981879
 2015-09-13 18:43:33	1442169813	465945814	38.5701981	-122.4425888	-1	38.2652794827
 2015-09-13 18:21:07	1442168467	14438590	38.583841	-122.58622622	1	44.9114858471
 2015-09-13 19:00:30	1442170830	3328911331	38.6015317	-122.3681433	1	40.3295203193
 2015-09-13 18:41:02	1442169662	124103039	38.3090178	-122.3151172	-1	7.51708267996
 2015-09-14 05:54:39	1442210079	18247597	38.297538	-122.286865	-1	6.63655581884
 2015-09-13 22:57:43	1442185063	278605214	38.58734313	-122.57454965	-1	44.7145008639
 2015-09-13 23:42:52	1442187772	14438590	38.57692637	-122.57973122	1	43.9601774375
 2015-09-14 05:54:39	1442210079	18247597	38.297538	-122.286865	-1	6.63655581884
 2015-09-13 22:57:43	1442185063	278605214	38.58734313	-122.57454965	-1	44.7145008639
 2015-09-13 23:42:52	1442187772	14438590	38.57692637	-122.57973122	1	43.9601774375
 2015-09-13 07:12:26	1442128346	33840705	33.9175644	-117.9112015	1	622.425064468
 2015-09-13 16:38:26	1442162306	33840705	33.9175644	-117.9112015	1	622.425064468
 2015-09-13 21:21:58	1442179318	33840705	33.9175644	-117.9112015	1	622.425064468
 2015-09-13 22:10:47	1442182247	36809658	33.9175644	-117.9112015	1	622.425064468
 2015-09-13 22:19:43	1442182783	3015281559	33.81101019	-117.92008435	1	631.283105542
 2015-09-13 20:05:19	1442174719	31561384	39.0196	-120.836	1	154.732927877
 2015-09-14 00:06:51	1442189211	900732667	39.16953187	-120.1421373	-1	214.765993945
 2015-09-13 19:05:20	1442171120	589583187	33.84374446	-116.54381675	-1	712.559769456
 2015-09-13 21:26:02	1442179562	34545236	38.62427194	-121.44983045	-1	86.3849338806
 2015-09-13 15:35:11	1442158511	52422265	32.866157	-117.226629	-1	754.003403677
 2015-09-13 18:05:37	1442167537	48409929	32.7948914	-117.2555389	-1	758.840152123
 2015-09-13 23:59:22	1442188762	376518705	37.78175392	-122.40665941	1	51.7716371075
 2015-09-13 23:31:12	1442187072	599431335	35.45578783	-120.63895446	1	343.680782729
 2015-09-14 02:53:41	1442199221	599431335	35.45577636	-120.63900383	-1	343.680034265
 2015-09-14 03:00:24	1442199624	599431335	35.45578054	-120.63908996	1	343.676294405
 2015-09-14 02:53:41	1442199221	599431335	35.45577636	-120.63900383	-1	343.680034265
 2015-09-14 03:00:24	1442199624	599431335	35.45578054	-120.63908996	1	343.676294405
 2015-09-13 07:47:59	1442130479	253863877	37.42961767	-122.13008915	1	91.6855542531
 2015-09-13 23:39:19	1442187559	32114536	37.35664472	-121.80492698	-1	108.031261928
 2015-09-13 09:38:55	1442137135	64695032	38.46194444	-122.76638889	-1	46.5353324248
 2015-09-13 20:16:45	1442175405	8443372	38.80707967	-123.021215	-1	88.0542831517
 2015-09-13 21:59:55	1442181595	57350950	38.25276007	-122.65899554	1	30.2569378801
 2015-09-13 19:55:46	1442174146	17918990	38.2587318	-122.6468506	1	29.2322749026
 2015-09-13 23:07:46	1442185666	21468723	38.5284691	-122.7900467	-1	52.4294791405
 2015-09-13 22:50:37	1442184637	423743339	38.68299646	-122.84198643	1	67.3309099496
 2015-09-13 22:46:12	1442184372	8443372	38.61417209	-122.86645152	1	63.5890149358
 2015-09-14 02:47:24	1442198844	167485397	38.65736463	-122.84909708	1	65.7260041715
 2015-09-14 02:47:24	1442198844	167485397	38.65736463	-122.84909708	1	65.7260041715
 2015-09-13 22:10:36	1442182236	1279017938	37.54464194	-120.9010784	-1	146.112185506
 2015-09-13 22:10:36	1442182236	1279017938	37.54464194	-120.9010784	-1	146.112185506
 2015-09-13 22:10:36	1442182236	1279017938	37.54464194	-120.9010784	-1	146.112185506
 2015-09-13 18:53:54	1442170434	417099295	36.5466414	-118.78551375	1	364.120295888
 2015-09-13 15:19:05	1442157545	976730767	34.18139796	-119.23666349	1	529.045677946
 2015-09-14 02:01:38	1442196098	976730767	34.1655846	-119.2282333	1	530.954254501
 2015-09-14 07:54:31	1442217271	911661313	37.85362368	-122.24625028	-1	43.515269053
 2015-09-14 22:28:32	1442269712	701726594	38.3959618	-120.8044815	1	132.703536661
 2015-09-14 22:28:32	1442269712	701726594	38.3959618	-120.8044815	1	132.703536661
 2015-09-15 00:54:22	1442278462	18114250	39.16711045	-122.15009618	-1	103.893858801
 2015-09-15 01:04:07	1442279047	173266012	38.2094	-120.463	1	161.62312656
 2015-09-15 04:18:29	1442290709	257511482	38.18305574	-120.88637106	-1	124.794196129
 2015-09-15 00:54:22	1442278462	18114250	39.16711045	-122.15009618	-1	103.893858801
 2015-09-15 01:04:07	1442279047	173266012	38.2094	-120.463	1	161.62312656
 2015-09-15 04:18:29	1442290709	257511482	38.18305574	-120.88637106	-1	124.794196129
 2015-09-15 03:33:42	1442288022	46138536	38.940006	-122.632773	-1	82.5045384687
 2015-09-14 20:17:10	1442261830	14438590	38.7535999	-122.61470616	-1	62.7173889699
 2015-09-14 22:04:12	1442268252	46138536	38.939975	-122.632857	1	82.5037561414
 2015-09-14 14:26:26	1442240786	387170537	38.75236182	-122.61543699	-1	62.6192246981
 2015-09-14 18:40:29	1442256029	14438590	38.79380118	-122.54167171	1	64.5664212061
 2015-09-14 19:22:06	1442258526	14438590	38.75616572	-122.6120183	-1	62.8791580105
 2015-09-14 23:47:32	1442274452	2691599196	39.0616	-122.8272	1	101.548958772
 2015-09-14 18:41:52	1442256112	14438590	38.79363417	-122.54299915	1	64.5844790644
 2015-09-14 17:04:44	1442250284	14438590	38.75071874	-122.61512183	-1	62.4420800017
 2015-09-15 03:42:47	1442288567	46138536	38.940073	-122.63274	1	82.5105817138
 2015-09-15 03:33:42	1442288022	46138536	38.940006	-122.632773	-1	82.5045384687
 2015-09-14 20:17:10	1442261830	14438590	38.7535999	-122.61470616	-1	62.7173889699
 2015-09-14 22:04:12	1442268252	46138536	38.939975	-122.632857	-1	82.5037561414
 2015-09-14 14:26:26	1442240786	387170537	38.75236182	-122.61543699	-1	62.6192246981
 2015-09-14 18:40:29	1442256029	14438590	38.79380118	-122.54167171	1	64.5664212061
 2015-09-14 19:22:06	1442258526	14438590	38.75616572	-122.6120183	-1	62.8791580105
 2015-09-14 23:47:32	1442274452	2691599196	39.0616	-122.8272	1	101.548958772
 2015-09-14 18:41:52	1442256112	14438590	38.79363417	-122.54299915	-1	64.5844790644
 2015-09-14 17:04:44	1442250284	14438590	38.75071874	-122.61512183	-1	62.4420800017
 2015-09-15 03:42:47	1442288567	46138536	38.940073	-122.63274	1	82.5105817138
 2015-09-14 18:28:05	1442255285	2690749454	34.07248684	-118.39949914	1	581.524874367
 2015-09-14 21:54:31	1442267671	14785832	34.0522	-118.243	-1	591.90922726
 2015-09-15 02:26:28	1442283988	23720619	34.4043083	-118.4595108	-1	548.713412053
 2015-09-15 04:43:01	1442292181	24345645	38.97087922	-123.09816818	1	105.9981879
 2015-09-15 04:43:01	1442292181	24345645	38.97087922	-123.09816818	1	105.9981879
 2015-09-14 23:27:55	1442273275	21287849	36.24757	-121.781688	-1	226.636770143
 2015-09-14 08:28:08	1442219288	2229108948	38.2442132	-122.2754058	1	3.28160553749
 2015-09-14 15:25:07	1442244307	14438590	38.58372801	-122.58558383	-1	44.8711765515
 2015-09-14 15:26:24	1442244384	14438590	38.58387289	-122.58515428	-1	44.8650248509
 2015-09-14 17:38:50	1442252330	222815664	38.50496642	-122.47087609	-1	32.3808116345
 2015-09-15 01:20:10	1442280010	33840705	33.9175644	-117.9112015	1	622.425064468
 2015-09-15 01:59:19	1442282359	374184398	33.4590187	-117.6504288	1	677.551822985
 2015-09-14 21:15:47	1442265347	156900313	33.83323965	-116.5032083	-1	716.040366254
 2015-09-14 16:02:03	1442246523	2434069693	38.65601533	-121.12034526	1	113.616040928
 2015-09-14 23:10:24	1442272224	2434069693	38.65601533	-121.12034526	1	113.616040928
 2015-09-14 21:28:58	1442266138	326941009	32.72156294	-117.16489915	1	770.407368097
 2015-09-14 21:37:43	1442266663	315428344	32.80600366	-117.12138339	-1	765.21239707
 2015-09-15 01:15:39	1442279739	39126017	37.75034447	-121.29677156	1	104.444817323
 2015-09-14 23:35:21	1442273721	28830474	37.37740013	-122.03015283	-1	99.2337440924
 2015-09-15 03:18:42	1442287122	15935612	37.35160129	-122.02780377	1	102.065195634
 2015-09-14 17:03:37	1442250217	62911295	38.4331284	-122.6870804	-1	38.9854688196
 2015-09-14 16:26:04	1442247964	1066458170	38.4547079	-122.732521	-1	43.6115160583
 2015-09-14 16:12:42	1442247162	1066458170	38.4546969	-122.7325307	-1	43.6115632202
 2015-09-15 00:30:03	1442277003	6300372	38.3986068	-122.7520139	1	42.1125999459
 2015-09-14 20:16:39	1442261799	36368735	38.47179413	-122.7243371	1	44.086812896
 2015-09-15 04:45:13	1442292313	83581803	38.60452611	-122.86198271	1	62.5996540479
 2015-09-15 02:32:20	1442284340	1066458170	38.4547064	-122.7324845	-1	43.6087544333
 2015-09-15 05:03:18	1442293398	83581803	38.60451355	-122.8619405	1	62.5959463796
 2015-09-15 04:45:13	1442292313	83581803	38.60452611	-122.86198271	1	62.5996540479
 2015-09-15 02:32:20	1442284340	1066458170	38.4547064	-122.7324845	-1	43.6087544333
 2015-09-15 05:03:18	1442293398	83581803	38.60451355	-122.8619405	1	62.5959463796
 2015-09-14 16:25:47	1442247947	255363805	37.87438942	-120.92017347	1	128.578695619
 2015-09-14 15:05:08	1442243108	976730767	34.18277187	-119.22159089	1	529.620059376
 2015-09-15 04:11:13	1442290273	976730767	34.25418738	-119.26918225	1	520.557851325
 2015-09-15 22:16:57	1442355417	1591220455	38.3411102	-120.7644501	1	135.583611832
 2015-09-15 22:34:45	1442356485	15212714	38.36229678	-120.8022467	1	132.495374937
 2015-09-15 22:16:57	1442355417	1591220455	38.3411102	-120.7644501	1	135.583611832
 2015-09-15 22:34:45	1442356485	15212714	38.36229678	-120.8022467	1	132.495374937
 2015-09-16 01:20:32	1442366432	30697133	38.1890964	-120.65431019	1	145.010188745
 2015-09-16 01:20:32	1442366432	30697133	38.1890964	-120.65431019	1	145.010188745
 2015-09-16 05:20:23	1442380823	559062672	38.77424709	-122.6938081	-1	67.8896629522
 2015-09-16 03:22:27	1442373747	559062672	38.77424709	-122.6938081	-1	67.8896629522
 2015-09-15 21:52:35	1442353955	46138536	38.939923	-122.633063	1	82.504354041
 2015-09-16 02:25:43	1442370343	33142966	38.752404	-122.614985	1	62.606945268
 2015-09-15 22:39:43	1442356783	46138536	38.939923	-122.633063	1	82.504354041
 2015-09-15 23:20:09	1442359209	559062672	38.77424709	-122.6938081	-1	67.8896629522
 2015-09-16 05:18:05	1442380685	559062672	38.77424709	-122.6938081	-1	67.8896629522
 2015-09-16 05:19:35	1442380775	559062672	38.77424709	-122.6938081	-1	67.8896629522
 2015-09-15 22:26:20	1442355980	559062672	38.77424709	-122.6938081	1	67.8896629522
 2015-09-16 05:20:23	1442380823	559062672	38.77424709	-122.6938081	-1	67.8896629522
 2015-09-16 03:22:27	1442373747	559062672	38.77424709	-122.6938081	-1	67.8896629522
 2015-09-15 21:52:35	1442353955	46138536	38.939923	-122.633063	1	82.504354041
 2015-09-16 02:25:43	1442370343	33142966	38.752404	-122.614985	1	62.606945268
 2015-09-15 22:39:43	1442356783	46138536	38.939923	-122.633063	1	82.504354041
 2015-09-15 23:20:09	1442359209	559062672	38.77424709	-122.6938081	-1	67.8896629522
 2015-09-16 05:18:05	1442380685	559062672	38.77424709	-122.6938081	-1	67.8896629522
 2015-09-16 05:19:35	1442380775	559062672	38.77424709	-122.6938081	-1	67.8896629522
 2015-09-15 22:26:20	1442355980	559062672	38.77424709	-122.6938081	-1	67.8896629522
 2015-09-15 14:50:23	1442328623	278848943	33.9991426	-118.41316732	1	587.408847173
 2015-09-15 15:37:53	1442331473	35118532	34.0304	-118.779	1	565.53994418
 2015-09-16 03:02:20	1442372540	914256744	34.0038338	-118.3004532	-1	593.071831259
 2015-09-15 06:46:02	1442299562	394470061	39.145955	-123.211097	-1	127.252244382
 2015-09-15 07:06:44	1442300804	394470061	39.145884	-123.21137	-1	127.26054472
 2015-09-15 23:04:06	1442358246	101070446	38.97098101	-123.11637795	1	107.032230738
 2015-09-15 06:46:02	1442299562	394470061	39.145955	-123.211097	-1	127.252244382
 2015-09-15 07:06:44	1442300804	394470061	39.145884	-123.21137	1	127.26054472
 2015-09-15 23:04:06	1442358246	101070446	38.97098101	-123.11637795	1	107.032230738
 2015-09-15 16:30:48	1442334648	48019249	37.6489454	-118.9745391	-1	300.031012938
 2015-09-15 15:04:53	1442329493	39803371	38.586091	-122.580732	1	44.8727185809
 2015-09-15 17:10:15	1442337015	139526589	38.40305556	-122.36222222	1	18.4805411893
 2015-09-15 20:35:21	1442349321	575827927	38.5241203	-122.5483627	1	37.5438173084
 2015-09-15 23:53:33	1442361213	130744706	38.617919	-122.45441	1	43.6417588823
 2015-09-15 17:35:20	1442338520	52177786	38.52711485	-122.54632127	1	37.7265147877
 2015-09-15 19:45:54	1442346354	723911910	39.24183764	-121.04700257	1	156.286333944
 2015-09-15 15:37:11	1442331431	33840705	33.9175644	-117.9112015	1	622.425064468
 2015-09-16 01:17:54	1442366274	466294628	33.57356719	-117.72387577	1	663.285113548
 2015-09-16 03:18:18	1442373498	581144194	33.57367877	-117.72388632	1	663.274640536
 2015-09-16 04:43:36	1442378616	34545236	38.7231462	-121.28969997	1	103.921621755
 2015-09-16 04:43:36	1442378616	34545236	38.7231462	-121.28969997	-1	103.921621755
 2015-09-16 04:43:36	1442378616	34545236	38.7231462	-121.28969997	-1	103.921621755
 2015-09-15 07:03:57	1442300637	994423561	38.5874863	-121.4916534	-1	81.2346954959
 2015-09-15 20:42:33	1442349753	34545236	38.62427194	-121.44983045	1	86.3849338806
 2015-09-15 22:14:50	1442355290	26134217	38.5874863	-121.4916534	1	81.2346954959
 2015-09-15 21:55:12	1442354112	118492640	38.474461	-121.497148	-1	75.6934144915
 2015-09-16 00:54:25	1442364865	111459617	38.5874863	-121.4916534	1	81.2346954959
 2015-09-16 02:07:55	1442369275	34545236	38.62427194	-121.44983045	1	86.3849338806
 2015-09-15 17:11:52	1442337112	2214741	32.78824692	-117.232961	1	760.671240711
 2015-09-16 02:53:43	1442372023	61859564	33.1354	-117.185	1	732.403697996
 2015-09-16 03:07:21	1442372841	363091894	32.79473793	-117.25552976	-1	758.854519103
 2015-09-16 00:28:03	1442363283	23360513	37.77861513	-122.38962768	1	51.9018064837
 2015-09-15 06:03:34	1442297014	30697133	37.98775257	-121.31793405	1	91.4943732018
 2015-09-15 19:30:04	1442345404	77152407	37.61190165	-122.39009837	-1	70.3287995833
 2015-09-15 18:33:17	1442341997	3039025507	34.40648889	-119.69853611	1	486.452351627
 2015-09-15 19:51:18	1442346678	29645417	38.4604416	-122.7390594	1	44.4360509781
 2015-09-15 20:43:54	1442349834	2227365403	38.3468361	-122.7064514	1	36.2967220092
 2015-09-15 16:53:37	1442336017	36368735	38.47179413	-122.7243371	1	44.086812896
 2015-09-15 21:31:57	1442352717	2844157914	38.4604416	-122.7390594	1	44.4360509781
 2015-09-16 01:06:10	1442365570	345042517	38.626709	-122.8720169	1	64.8663392943
 2015-09-15 06:21:32	1442298092	255363805	37.87431341	-120.92015007	1	128.583381232
 2015-09-15 16:28:36	1442334516	976730767	34.1899605	-119.2214966	1	528.937111668
 2015-09-16 20:33:40	1442435620	73910963	37.54135946	-122.02087883	1	81.9521796196
 2015-09-17 02:25:37	1442456737	2867727247	37.52738011	-121.99628874	1	84.1186293945
 2015-09-16 20:50:04	1442436604	1226775120	38.41674621	-120.58495308	1	151.971266041
 2015-09-16 20:50:04	1442436604	1226775120	38.41674621	-120.58495308	1	151.971266041
 2015-09-16 17:54:46	1442426086	16018834	38.192239	-120.83161	1	129.516906376
 2015-09-16 19:02:01	1442430121	2390091840	35.378273	-119.0213318	1	432.6287388
 2015-09-17 04:49:19	1442465359	78139213	39.017994	-122.579111	-1	89.3934926597
 2015-09-16 22:55:59	1442444159	2960196001	39.02852	-122.57749	1	90.4882655086
 2015-09-16 18:12:25	1442427145	37541274	38.7527	-122.617	-1	62.7106130441
 2015-09-16 18:30:40	1442428240	46138536	38.94003	-122.632786	1	82.5074302269
 2015-09-16 19:17:39	1442431059	2960196001	39.02852	-122.57749	-1	90.4882655086
 2015-09-16 19:52:16	1442433136	2960196001	39.02862297	-122.57778172	1	90.5057750583
 2015-09-17 04:49:19	1442465359	78139213	39.017994	-122.579111	-1	89.3934926597
 2015-09-16 22:55:59	1442444159	2960196001	39.02852	-122.57749	1	90.4882655086
 2015-09-16 18:12:25	1442427145	37541274	38.7527	-122.617	-1	62.7106130441
 2015-09-16 18:30:40	1442428240	46138536	38.94003	-122.632786	1	82.5074302269
 2015-09-16 19:17:39	1442431059	2960196001	39.02852	-122.57749	-1	90.4882655086
 2015-09-16 19:52:16	1442433136	2960196001	39.02862297	-122.57778172	1	90.5057750583
 2015-09-16 07:03:04	1442386984	20654310	34.16326893	-118.0599457	-1	592.511725723
 2015-09-16 18:42:02	1442428922	2690749454	33.95885437	-118.0510354	-1	610.882098812
 2015-09-16 21:16:41	1442438201	40140510	34.1719742	-118.4216843	1	571.397520502
 2015-09-16 21:26:22	1442438782	22329735	34.1747093	-118.3618622	1	574.445062336
 2015-09-16 22:28:24	1442442504	278848943	33.9991426	-118.41316732	1	587.408847173
 2015-09-17 02:53:08	1442458388	13418892	33.94389398	-118.40502262	-1	592.855829133
 2015-09-16 18:59:15	1442429955	23443532	37.9793816	-122.5144577	1	34.0637721225
 2015-09-16 14:27:26	1442413646	933288038	39.3843087	-123.7776436	1	179.59843952
 2015-09-16 14:51:25	1442415085	18179888	39.441187	-123.80244	1	185.578776359
 2015-09-16 08:38:32	1442392712	18923934	39.48914216	-123.79939951	1	189.239185427
 2015-09-16 17:54:59	1442426099	752224292	37.38499	-120.722728	1	169.052876976
 2015-09-16 18:31:18	1442428278	22319651	38.58379743	-122.58572786	1	44.8843649134
 2015-09-16 23:58:43	1442447923	33840705	33.9175644	-117.9112015	-1	622.425064468
 2015-09-17 01:15:37	1442452537	95556476	33.4593	-117.65	1	677.550759315
 2015-09-17 04:40:14	1442464814	25235029	33.87269968	-117.92489186	1	625.579296479
 2015-09-16 23:22:50	1442445770	1137763088	33.95277562	-116.46489643	1	709.269139044
 2015-09-16 16:02:46	1442419366	26134217	38.5874863	-121.4916534	-1	81.2346954959
 2015-09-16 17:36:47	1442425007	34545236	38.62427194	-121.44983045	1	86.3849338806
 2015-09-16 23:07:33	1442444853	58581480	38.57655028	-121.49266094	1	80.5927728678
 2015-09-16 16:23:53	1442420633	281750691	37.5472065	-122.3152785	-1	77.1954566372
 2015-09-16 22:00:29	1442440829	3096602750	37.486141	-122.231237	-1	84.2900884822
 2015-09-17 02:05:29	1442455529	14411413	37.3393857	-121.8949555	-1	106.812981139
 2015-09-16 23:57:24	1442447844	234275549	40.56121868	-122.23917919	1	258.025261092
 2015-09-16 23:57:24	1442447844	234275549	40.56121868	-122.23917919	1	258.025261092
 2015-09-16 23:57:24	1442447844	234275549	40.56121868	-122.23917919	1	258.025261092
 2015-09-16 23:57:24	1442447844	234275549	40.56121868	-122.23917919	1	258.025261092
 2015-09-16 12:45:51	1442407551	199586927	38.249445	-122.057951	1	22.2748000926
 2015-09-16 13:21:17	1442409677	452523245	38.249428	-122.057812	-1	22.2868562603
 2015-09-16 14:13:06	1442412786	111050088	38.47557276	-122.65736889	-1	39.7535222618
 2015-09-16 16:38:01	1442421481	976730767	34.18238895	-119.22544885	1	529.475761049
 2015-09-16 14:32:04	1442413924	124343682	38.59249455	-121.5464986	1	77.3372313978
 2015-09-17 19:41:27	1442518887	22900174	37.85983785	-122.26127711	-1	42.6714362914
 2015-09-17 21:18:56	1442524736	22900174	37.85976875	-122.26117761	1	42.6799991174
 2015-09-18 05:58:29	1442555909	3405138190	37.82482063	-122.31312157	-1	46.3258790755
 2015-09-18 05:58:29	1442555909	3405138190	37.82482063	-122.31312157	-1	46.3258790755
 2015-09-18 05:58:29	1442555909	3405138190	37.82482063	-122.31312157	-1	46.3258790755
 2015-09-17 20:41:49	1442522509	3389535999	38.2438316	-120.5713806	-1	152.081184824
 2015-09-17 20:41:49	1442522509	3389535999	38.2438316	-120.5713806	1	152.081184824
 2015-09-17 19:31:22	1442518282	1469792372	37.98819118	-122.30972213	1	28.1611955308
 2015-09-17 19:30:23	1442518223	1469792372	37.9882859	-122.30941383	1	28.1509358587
 2015-09-17 12:31:49	1442493109	130419392	36.808891	-119.783525	-1	274.072051448
 2015-09-17 22:28:47	1442528927	39803371	38.809315	-122.57261	-1	67.0672864982
 2015-09-17 22:11:38	1442527898	39803371	38.822258	-122.570458	-1	68.3617635416
 2015-09-17 22:28:47	1442528927	39803371	38.809315	-122.57261	-1	67.0672864982
 2015-09-17 22:11:38	1442527898	39803371	38.822258	-122.570458	-1	68.3617635416
 2015-09-17 16:40:55	1442508055	33840705	33.9219818	-117.9884872	1	617.652626656
 2015-09-17 18:51:57	1442515917	2690749454	34.0416298	-118.1413116	1	598.513013909
 2015-09-17 21:18:32	1442524712	3315324698	34.1994095	-118.4141464	1	569.363214078
 2015-09-18 00:13:33	1442535213	1419864260	34.1571541	-118.6393127	1	561.047384927
 2015-09-18 03:33:14	1442547194	20341784	34.10732756	-118.33430646	1	581.963139105
 2015-09-18 05:10:42	1442553042	302176161	34.0390205	-118.6699371	1	570.290154945
 2015-09-17 06:53:05	1442472785	14610587	37.331974	-119.5895538	1	259.787915298
 2015-09-17 13:23:06	1442496186	1469792372	38.58177866	-122.58375046	1	44.6028889536
 2015-09-17 13:20:47	1442496047	1469792372	38.58177866	-122.58375046	1	44.6028889536
 2015-09-17 13:21:21	1442496081	1469792372	38.58177866	-122.58375046	-1	44.6028889536
 2015-09-17 15:01:59	1442502119	1469792372	38.58386078	-122.5860124	-1	44.9034706122
 2015-09-17 15:08:06	1442502486	1469792372	38.58379289	-122.58617115	1	44.904410067
 2015-09-17 15:10:42	1442502642	1469792372	38.58389125	-122.5862279	-1	44.916295961
 2015-09-17 15:26:14	1442503574	1469792372	38.58374046	-122.58614425	1	44.8982292282
 2015-09-17 14:57:48	1442501868	1469792372	38.58383145	-122.58628238	1	44.9131820263
 2015-09-17 14:09:29	1442498969	1469792372	38.58365681	-122.58653803	-1	44.9085619114
 2015-09-17 06:14:58	1442470498	63917034	33.80753706	-117.91998757	1	631.595167693
 2015-09-17 20:19:55	1442521195	630925853	33.77126282	-116.44745727	1	724.55426859
 2015-09-17 16:37:53	1442507873	34545236	38.62427194	-121.44983045	1	86.3849338806
 2015-09-18 00:12:36	1442535156	34545236	38.62427194	-121.44983045	-1	86.3849338806
 2015-09-18 03:30:15	1442547015	62760870	33.1163	-117.12	1	737.794820842
 2015-09-18 01:36:59	1442540219	14411378	37.7749295	-122.4194155	-1	52.70755813
 2015-09-17 09:25:19	1442481919	160014858	36.2990248	-119.32309851	1	341.488365864
 2015-09-19 00:29:28	1442622568	15678933	38.3507	-120.774	-1	134.83603512
 2015-09-19 00:29:28	1442622568	15678933	38.3507	-120.774	1	134.83603512
 2015-09-19 03:21:29	1442632889	2250527814	38.19935942	-120.68827788	-1	141.992979511
 2015-09-19 03:28:04	1442633284	2250527814	38.19935942	-120.68827788	-1	141.992979511
 2015-09-19 03:21:29	1442632889	2250527814	38.19935942	-120.68827788	-1	141.992979511
 2015-09-19 03:28:04	1442633284	2250527814	38.19935942	-120.68827788	1	141.992979511
 2015-09-19 01:22:39	1442625759	525945247	38.761014	-122.611486	-1	63.3508846488
 2015-09-18 21:12:36	1442610756	439525185	38.75221173	-122.61541754	1	62.6033831659
 2015-09-19 01:22:39	1442625759	525945247	38.761014	-122.611486	-1	63.3508846488
 2015-09-18 21:12:36	1442610756	439525185	38.75221173	-122.61541754	1	62.6033831659
 2015-09-18 18:48:52	1442602132	17091068	33.9906006	-118.4652481	1	585.412764515
 2015-09-18 19:39:29	1442605169	1447665084	33.98866586	-118.35384904	1	591.541329865
 2015-09-19 04:47:02	1442638022	3040639867	34.1064644	-118.2875443	1	584.621145381
 2015-09-19 04:56:52	1442638612	4410771	33.996333	-118.477762	-1	584.228592869
 2015-09-18 14:30:48	1442586648	1469792372	38.57878113	-122.58610535	1	44.4303251109
 2015-09-18 15:10:33	1442589033	17575346	38.5859982	-122.5851898	1	45.067210861
 2015-09-18 15:26:37	1442589997	1469792372	38.6694853	-122.46508066	-1	49.4087042811
 2015-09-19 02:10:41	1442628641	634189695	38.40307146	-122.36022153	1	18.442340457
 2015-09-18 16:15:22	1442592922	17469752	38.6573105	-121.5104675	1	83.787012363
 2015-09-19 01:48:01	1442627281	34545236	38.62427194	-121.44983045	1	86.3849338806
 2015-09-19 02:40:12	1442630412	41159347	34.05179936	-117.05275897	1	663.167819081
 2015-09-18 15:45:23	1442591123	15280039	37.775	-122.418	-1	52.6780056198
 2015-09-18 20:56:19	1442609779	17708154	37.784173	-122.401557	1	51.4365994409
 2015-09-18 22:43:48	1442616228	167612938	37.79949097	-122.40161474	-1	49.7542168611
 2015-09-18 23:10:51	1442617851	14019612	37.78017025	-122.39524738	1	51.7966872944
 2015-09-18 23:09:28	1442617768	14019612	37.78017025	-122.39524738	1	51.7966872944
 2015-09-19 01:20:38	1442625638	104676197	38.10789427	-122.25607092	-1	15.6560678393
 2015-09-19 01:20:38	1442625638	104676197	38.10789427	-122.25607092	-1	15.6560678393
 2015-09-18 14:34:13	1442586853	26160872	38.4559898	-122.9411011	1	59.757865462
 2015-09-18 19:36:25	1442604985	898840734	38.42106841	-122.84572372	-1	50.5927967097
 2015-09-19 03:47:11	1442634431	435295193	38.5369186	-122.8035278	1	53.9316597638
 2015-09-19 20:30:04	1442694604	22900174	37.85981551	-122.26126823	1	42.6739887622
 2015-09-19 20:35:49	1442694949	22900174	37.85980477	-122.26116283	1	42.6761534364
 2015-09-20 05:48:36	1442728116	22900174	37.83322659	-122.26783998	1	45.5617504499
 2015-09-20 05:48:36	1442728116	22900174	37.83322659	-122.26783998	1	45.5617504499
 2015-09-20 05:48:36	1442728116	22900174	37.83322659	-122.26783998	1	45.5617504499
 2015-09-20 05:48:36	1442728116	22900174	37.83322659	-122.26783998	1	45.5617504499
 2015-09-19 23:30:28	1442705428	2250527814	38.19935942	-120.68827788	-1	141.992979511
 2015-09-20 00:25:18	1442708718	2250527814	38.19935942	-120.68827788	-1	141.992979511
 2015-09-20 02:39:58	1442716798	2250527814	38.19935942	-120.68827788	-1	141.992979511
 2015-09-19 23:34:03	1442705643	2250527814	38.19935942	-120.68827788	-1	141.992979511
 2015-09-19 23:15:40	1442704540	2250527814	38.19935942	-120.68827788	1	141.992979511
 2015-09-19 20:46:57	1442695617	30697133	38.2516	-120.514	1	157.087560234
 2015-09-19 23:30:28	1442705428	2250527814	38.19935942	-120.68827788	-1	141.992979511
 2015-09-20 00:25:18	1442708718	2250527814	38.19935942	-120.68827788	-1	141.992979511
 2015-09-20 02:39:58	1442716798	2250527814	38.19935942	-120.68827788	-1	141.992979511
 2015-09-19 23:34:03	1442705643	2250527814	38.19935942	-120.68827788	-1	141.992979511
 2015-09-19 23:15:40	1442704540	2250527814	38.19935942	-120.68827788	-1	141.992979511
 2015-09-19 20:46:57	1442695617	30697133	38.2516	-120.514	1	157.087560234
 2015-09-19 18:18:50	1442686730	211215801	38.8060759	-120.7993671	1	145.861132463
 2015-09-19 18:22:48	1442686968	211215801	38.8060209	-120.7994016	1	145.855836867
 2015-09-19 20:01:46	1442692906	46138536	38.940061	-122.632729	1	82.5090040468
 2015-09-20 05:39:39	1442727579	400802274	39.0449	-122.918	1	103.653921887
 2015-09-19 23:09:27	1442704167	167612938	38.75048554	-122.61503184	-1	62.4152818048
 2015-09-19 20:01:46	1442692906	46138536	38.940061	-122.632729	1	82.5090040468
 2015-09-20 05:39:39	1442727579	400802274	39.0449	-122.918	-1	103.653921887
 2015-09-19 23:09:27	1442704167	167612938	38.75048554	-122.61503184	-1	62.4152818048
 2015-09-19 12:01:07	1442664067	2275955754	34.09009089	-118.38601314	-1	580.675861679
 2015-09-19 19:26:20	1442690780	25144145	33.97132695	-118.42615145	-1	589.239855779
 2015-09-19 22:44:12	1442702652	64825763	34.1650047	-118.4043808	1	572.968178969
 2015-09-20 00:54:52	1442710492	431338292	34.09733784	-118.32813664	1	583.19335697
 2015-09-20 05:05:05	1442725505	384113892	34.06131658	-118.30852014	1	587.48598227
 2015-09-20 01:25:00	1442712300	23913903	36.555543	-121.922005	-1	190.614816501
 2015-09-20 02:49:40	1442717380	22187636	36.58099748	-121.86490101	1	188.822577297
 2015-09-20 01:58:31	1442714311	525505057	36.5556488	-121.9218216	-1	190.606176729
 2015-09-20 02:49:40	1442717380	22187636	36.58099748	-121.86490101	1	188.822577297
 2015-09-20 01:58:31	1442714311	525505057	36.5556488	-121.9218216	-1	190.606176729
 2015-09-19 19:57:38	1442692658	33840705	33.9175644	-117.9112015	1	622.425064468
 2015-09-19 20:04:50	1442693090	342862482	33.66221429	-117.67449	1	658.266715743
 2015-09-20 01:32:42	1442712762	44284154	33.66221429	-117.67449	-1	658.266715743
 2015-09-19 14:41:39	1442673699	234218690	38.5513831	-121.33516461	1	91.9054004688
 2015-09-20 02:30:07	1442716207	16434402	38.573936	-121.469862	1	82.2293770216
 2015-09-19 21:37:01	1442698621	1206642079	32.77072954	-117.14987815	1	766.802844084
 2015-09-20 01:54:58	1442714098	410314275	32.79473793	-117.25552976	-1	758.854519103
 2015-09-19 06:13:56	1442643236	533570101	37.8065186	-122.4194717	1	49.255079513
 2015-09-19 19:40:41	1442691641	18550650	37.80338	-122.43693	1	49.9084884357
 2015-09-19 21:53:51	1442699631	15613770	37.7664299	-122.4503326	-1	54.1754773244
 2015-09-19 22:48:28	1442702908	976730767	37.3329887	-121.9008484	-1	107.305960784
 2015-09-20 03:06:28	1442718388	561423665	38.1364665	-122.2310106	1	13.6879778968
 2015-09-20 02:07:30	1442714850	167612938	38.11468884	-122.29126014	1	14.2193817779
 2015-09-19 13:48:22	1442670502	976730767	34.17	-119.225	1	530.682529636
 2015-09-20 20:56:46	1442782606	21832719	37.66094776	-121.87371385	-1	75.1577583628
 2015-09-21 05:14:12	1442812452	22900174	37.85988894	-122.26139723	1	42.6646758291
 2015-09-21 05:14:12	1442812452	22900174	37.85988894	-122.26139723	1	42.6646758291
 2015-09-20 14:07:31	1442758051	1591220455	38.343129	-120.767132	1	135.367039759
 2015-09-21 05:14:12	1442812452	22900174	37.85988894	-122.26139723	1	42.6646758291
 2015-09-20 14:07:31	1442758051	1591220455	38.343129	-120.767132	1	135.367039759
 2015-09-21 05:14:12	1442812452	22900174	37.85988894	-122.26139723	1	42.6646758291
 2015-09-21 04:47:02	1442810822	2250527814	38.19935942	-120.68827788	-1	141.992979511
 2015-09-21 04:47:02	1442810822	2250527814	38.19935942	-120.68827788	1	141.992979511
 2015-09-20 18:22:35	1442773355	13927522	40.30829545	-123.90821836	1	267.715653043
 2015-09-20 18:22:35	1442773355	13927522	40.30829545	-123.90821836	1	267.715653043
 2015-09-20 20:00:06	1442779206	58941053	38.76092065	-122.6092788	1	63.2628579982
 2015-09-20 20:00:06	1442779206	58941053	38.76092065	-122.6092788	1	63.2628579982
 2015-09-20 17:47:05	1442771225	63624303	34.14054509	-118.35776387	1	577.711371017
 2015-09-20 18:10:40	1442772640	32630511	33.9163871	-118.3594737	1	597.77871632
 2015-09-20 20:15:07	1442780107	2959063674	34.015	-118.50166667	-1	581.264612693
 2015-09-21 00:45:15	1442796315	30823238	34.11645218	-118.34275952	-1	580.684571859
 2015-09-21 03:19:20	1442805560	63624303	34.14054509	-118.35776387	-1	577.711371017
 2015-09-21 03:18:04	1442805484	431338292	34.03972222	-118.56027778	1	575.922974413
 2015-09-20 14:23:17	1442758997	22187636	36.58099785	-121.86481618	-1	188.824106612
 2015-09-21 02:54:32	1442804072	979087748	36.23081977	-121.7624634	1	228.816416078
 2015-09-21 02:54:32	1442804072	979087748	36.23081977	-121.7624634	1	228.816416078
 2015-09-20 23:28:07	1442791687	33840705	33.9175644	-117.9112015	1	622.425064468
 2015-09-20 20:49:11	1442782151	17744869	32.8797	-117.164	-1	756.255487637
 2015-09-20 21:51:38	1442785898	551529378	32.7153	-117.156	1	771.458984544
 2015-09-20 07:18:19	1442733499	2359104606	37.775	-122.418	-1	52.6780056198
 2015-09-20 22:37:07	1442788627	167612938	37.79946917	-122.40160615	1	49.7564936546
 2015-09-20 22:28:41	1442788121	167612938	37.79948053	-122.40160717	1	49.7552598827
 2015-09-21 04:37:55	1442810275	627753451	37.98233719	-121.30965431	1	92.3728312192
 2015-09-20 23:33:46	1442792026	77104242	35.3018023	-120.6784806	1	357.803889148
 2015-09-21 01:05:04	1442797504	28381475	36.97039662	-121.95350964	-1	144.833966489
 2015-09-20 23:37:42	1442792262	2572348363	38.13784638	-122.23313954	1	13.4601469522
 2015-09-20 14:55:33	1442760933	976730767	34.1913	-119.182	1	530.673515869
 2015-09-21 17:49:09	1442857749	548571802	37.8718	-122.275	1	41.2351432941
 2015-09-22 05:22:51	1442899371	2250527814	38.19935942	-120.68827788	1	141.992979511
 2015-09-22 04:58:36	1442897916	2250527814	38.19935942	-120.68827788	1	141.992979511
 2015-09-22 05:22:51	1442899371	2250527814	38.19935942	-120.68827788	1	141.992979511
 2015-09-22 04:58:36	1442897916	2250527814	38.19935942	-120.68827788	1	141.992979511
 2015-09-21 14:08:15	1442844495	167612938	37.87157453	-122.09579292	1	45.3044022257
 2015-09-22 02:33:04	1442889184	46197686	35.3760155	-119.02848909	-1	432.385516609
 2015-09-22 02:39:11	1442889551	46197686	35.37967601	-119.02019199	-1	432.580881651
 2015-09-22 05:05:53	1442898353	1690090639	35.670598	-119.2368872	1	395.447078612
 2015-09-22 02:33:04	1442889184	46197686	35.3760155	-119.02848909	-1	432.385516609
 2015-09-22 02:39:11	1442889551	46197686	35.37967601	-119.02019199	-1	432.580881651
 2015-09-22 05:05:53	1442898353	1690090639	35.670598	-119.2368872	1	395.447078612
 2015-09-21 20:47:52	1442868472	1524469938	38.8254221	-122.72166071	-1	74.0357939996
 2015-09-22 05:43:10	1442900590	2284308234	38.7527	-122.617	1	62.7106130441
 2015-09-21 20:47:52	1442868472	1524469938	38.8254221	-122.72166071	-1	74.0357939996
 2015-09-22 05:43:10	1442900590	2284308234	38.7527	-122.617	1	62.7106130441
 2015-09-21 14:50:33	1442847033	63624303	33.8663	-118.4	1	600.193210412
