 2015-06-19 23:29:35	1434756575	1737922915	42.4731	-92.3468	-1	2568.42796638
 2015-06-19 12:50:24	1434718224	290237053	42.474199	-92.448422	1	2560.0945792
 2015-06-20 01:55:28	1434765328	221779388	42.50658394	-92.42997181	1	2561.64044285
 2015-06-19 23:29:35	1434756575	1737922915	42.4731	-92.3468	-1	2568.42796638
 2015-06-19 12:50:24	1434718224	290237053	42.474199	-92.448422	1	2560.0945792
 2015-06-20 01:55:28	1434765328	221779388	42.50658394	-92.42997181	1	2561.64044285
 2015-06-19 23:29:35	1434756575	1737922915	42.4731	-92.3468	-1	2568.42796638
 2015-06-19 12:50:24	1434718224	290237053	42.474199	-92.448422	1	2560.0945792
 2015-06-20 01:55:28	1434765328	221779388	42.50658394	-92.42997181	1	2561.64044285
 2015-06-19 21:57:37	1434751057	41903872	43.0264	-94.1667	-1	2421.77569347
 2015-06-19 14:54:45	1434725685	198025939	42.028798	-91.623251	1	2628.2684961
 2015-06-20 00:57:15	1434761835	561496914	41.3094	-92.6496	-1	2545.28117899
 2015-06-20 00:57:15	1434761835	561496914	41.3094	-92.6496	1	2545.28117899
 2015-06-20 00:57:15	1434761835	561496914	41.3094	-92.6496	-1	2545.28117899
 2015-06-20 00:57:15	1434761835	561496914	41.3094	-92.6496	1	2545.28117899
 2015-06-20 00:57:15	1434761835	561496914	41.3094	-92.6496	1	2545.28117899
 2015-06-20 04:49:56	1434775796	150171037	41.5340348	-90.6512036	-1	2710.68465004
 2015-06-20 04:49:56	1434775796	150171037	41.5340348	-90.6512036	-1	2710.68465004
 2015-06-20 04:49:56	1434775796	150171037	41.5340348	-90.6512036	-1	2710.68465004
 2015-06-19 06:36:34	1434695794	56322601	42.0273	-93.6316	1	2462.39355257
 2015-06-20 04:49:56	1434775796	150171037	41.5340348	-90.6512036	-1	2710.68465004
 2015-06-19 21:55:55	1434750955	15410882	41.29209242	-91.53594017	-1	2638.30748423
 2015-06-19 21:55:55	1434750955	15410882	41.29209242	-91.53594017	-1	2638.30748423
 2015-06-19 21:55:55	1434750955	15410882	41.29209242	-91.53594017	1	2638.30748423
 2015-06-19 21:55:55	1434750955	15410882	41.29209242	-91.53594017	1	2638.30748423
 2015-06-20 14:26:03	1434810363	42862338	41.9985738	-92.2002716	1	2580.65852167
 2015-06-20 14:26:03	1434810363	42862338	41.9985738	-92.2002716	-1	2580.65852167
 2015-06-20 12:33:02	1434803582	31161973	42.49128549	-92.46287103	1	2558.92700341
 2015-06-20 15:59:39	1434815979	2569583785	42.443218	-92.337091	-1	2569.2021528
 2015-06-20 22:19:27	1434838767	376810127	42.51066312	-92.35396376	-1	2567.87481588
 2015-06-20 19:07:30	1434827250	18690363	42.73128408	-92.48605907	-1	2557.41904587
 2015-06-20 13:02:19	1434805339	203652571	42.72590468	-92.47544264	-1	2558.2743844
 2015-06-20 19:34:25	1434828865	14335577	42.73128408	-92.48605907	-1	2557.41904587
 2015-06-20 19:07:30	1434827250	18690363	42.73128408	-92.48605907	-1	2557.41904587
 2015-06-20 13:02:19	1434805339	203652571	42.72590468	-92.47544264	-1	2558.2743844
 2015-06-20 19:34:25	1434828865	14335577	42.73128408	-92.48605907	-1	2557.41904587
 2015-06-20 17:03:06	1434819786	2803940430	42.6807817	-91.5347147	1	2635.07536303
 2015-06-20 20:44:40	1434833080	2803940430	42.6807907	-91.5346371	-1	2635.08171226
 2015-06-21 01:58:58	1434851938	58901864	42.505431	-90.764491	1	2698.16375444
 2015-06-21 01:58:58	1434851938	58901864	42.505431	-90.764491	1	2698.16375444
 2015-06-20 20:27:10	1434832030	267409271	42.94197095	-91.81426853	1	2612.64867547
 2015-06-21 01:58:58	1434851938	58901864	42.505431	-90.764491	1	2698.16375444
 2015-06-20 20:27:10	1434832030	267409271	42.94197095	-91.81426853	1	2612.64867547
 2015-06-21 01:58:58	1434851938	58901864	42.505431	-90.764491	1	2698.16375444
 2015-06-20 20:27:10	1434832030	267409271	42.94197095	-91.81426853	1	2612.64867547
 2015-06-21 01:58:58	1434851938	58901864	42.505431	-90.764491	1	2698.16375444
 2015-06-20 20:27:10	1434832030	267409271	42.94197095	-91.81426853	1	2612.64867547
 2015-06-21 01:58:58	1434851938	58901864	42.505431	-90.764491	1	2698.16375444
 2015-06-20 20:27:10	1434832030	267409271	42.94197095	-91.81426853	1	2612.64867547
 2015-06-21 01:58:58	1434851938	58901864	42.505431	-90.764491	1	2698.16375444
 2015-06-20 20:27:10	1434832030	267409271	42.94197095	-91.81426853	1	2612.64867547
 2015-06-21 01:58:58	1434851938	58901864	42.505431	-90.764491	1	2698.16375444
 2015-06-20 20:27:10	1434832030	267409271	42.94197095	-91.81426853	1	2612.64867547
 2015-06-21 01:58:58	1434851938	58901864	42.505431	-90.764491	1	2698.16375444
 2015-06-20 20:27:10	1434832030	267409271	42.94197095	-91.81426853	1	2612.64867547
 2015-06-21 01:58:58	1434851938	58901864	42.505431	-90.764491	1	2698.16375444
 2015-06-20 20:27:10	1434832030	267409271	42.94197095	-91.81426853	1	2612.64867547
 2015-06-21 01:58:58	1434851938	58901864	42.505431	-90.764491	1	2698.16375444
 2015-06-20 20:27:10	1434832030	267409271	42.94197095	-91.81426853	1	2612.64867547
 2015-06-21 00:22:22	1434846142	2341275302	40.9864087	-91.5243815	-1	2641.15189841
 2015-06-21 01:58:58	1434851938	58901864	42.505431	-90.764491	1	2698.16375444
 2015-06-20 20:27:10	1434832030	267409271	42.94197095	-91.81426853	1	2612.64867547
 2015-06-21 00:22:22	1434846142	2341275302	40.9864087	-91.5243815	-1	2641.15189841
 2015-06-21 01:58:58	1434851938	58901864	42.505431	-90.764491	1	2698.16375444
 2015-06-20 20:55:08	1434833708	2341275302	41.6887908	-92.2830284	1	2574.47778696
 2015-06-20 23:14:40	1434842080	1007848010	41.6117001	-92.0070793	1	2597.64004835
 2015-06-20 20:34:28	1434832468	2341275302	41.6962747	-92.253695	-1	2576.8914674
 2015-06-20 20:55:08	1434833708	2341275302	41.6887908	-92.2830284	-1	2574.47778696
 2015-06-20 23:14:40	1434842080	1007848010	41.6117001	-92.0070793	1	2597.64004835
 2015-06-20 20:34:28	1434832468	2341275302	41.6962747	-92.253695	-1	2576.8914674
 2015-06-20 20:55:08	1434833708	2341275302	41.6887908	-92.2830284	1	2574.47778696
 2015-06-20 23:14:40	1434842080	1007848010	41.6117001	-92.0070793	-1	2597.64004835
 2015-06-20 20:34:28	1434832468	2341275302	41.6962747	-92.253695	-1	2576.8914674
 2015-06-20 20:55:08	1434833708	2341275302	41.6887908	-92.2830284	-1	2574.47778696
 2015-06-21 00:23:44	1434846224	844717117	41.00349	-91.96539	-1	2604.09210347
 2015-06-21 01:02:33	1434848553	34427781	41.0090904	-91.9644165	-1	2604.13859986
 2015-06-20 13:01:01	1434805261	202501691	41.6792107	-91.589592	1	2632.0691723
 2015-06-20 23:14:40	1434842080	1007848010	41.6117001	-92.0070793	1	2597.64004835
 2015-06-20 20:34:28	1434832468	2341275302	41.6962747	-92.253695	-1	2576.8914674
 2015-06-20 15:45:46	1434815146	49766282	41.64858616	-91.51073679	1	2638.73237356
 2015-06-21 00:45:35	1434847535	2266016122	41.6661907	-91.54288608	-1	2635.99507761
 2015-06-20 23:40:36	1434843636	264633730	41.6687584	-91.5666199	1	2634.01506286
 2015-06-20 23:26:46	1434842806	68297021	41.65791243	-91.53087647	-1	2637.02386192
 2015-06-21 01:51:22	1434851482	225238391	42.10140889	-91.28709538	-1	2655.85637705
 2015-06-21 00:45:35	1434847535	2266016122	41.6661907	-91.54288608	-1	2635.99507761
 2015-06-20 23:40:36	1434843636	264633730	41.6687584	-91.5666199	1	2634.01506286
 2015-06-20 23:26:46	1434842806	68297021	41.65791243	-91.53087647	-1	2637.02386192
 2015-06-21 01:51:22	1434851482	225238391	42.10140889	-91.28709538	-1	2655.85637705
 2015-06-20 18:56:16	1434826576	2341275302	41.468403	-91.9552273	1	2602.50521507
 2015-06-21 00:45:35	1434847535	2266016122	41.6661907	-91.54288608	-1	2635.99507761
 2015-06-20 23:40:36	1434843636	264633730	41.6687584	-91.5666199	1	2634.01506286
 2015-06-20 23:26:46	1434842806	68297021	41.65791243	-91.53087647	-1	2637.02386192
 2015-06-21 01:51:22	1434851482	225238391	42.10140889	-91.28709538	-1	2655.85637705
 2015-06-20 18:56:16	1434826576	2341275302	41.468403	-91.9552273	1	2602.50521507
 2015-06-21 00:45:35	1434847535	2266016122	41.6661907	-91.54288608	-1	2635.99507761
 2015-06-20 23:40:36	1434843636	264633730	41.6687584	-91.5666199	1	2634.01506286
 2015-06-20 23:26:46	1434842806	68297021	41.65791243	-91.53087647	-1	2637.02386192
 2015-06-21 01:51:22	1434851482	225238391	42.10140889	-91.28709538	-1	2655.85637705
 2015-06-20 18:56:16	1434826576	2341275302	41.468403	-91.9552273	1	2602.50521507
 2015-06-21 00:49:31	1434847771	112203217	40.5388901	-91.4742124	1	2648.87036836
 2015-06-20 17:44:20	1434822260	126974423	40.5200941	-91.4148101	1	2654.04206509
 2015-06-20 23:34:40	1434843280	112203217	40.5388914	-91.4742094	-1	2648.87060959
 2015-06-21 00:45:35	1434847535	2266016122	41.6661907	-91.54288608	-1	2635.99507761
 2015-06-20 23:40:36	1434843636	264633730	41.6687584	-91.5666199	1	2634.01506286
 2015-06-20 23:26:46	1434842806	68297021	41.65791243	-91.53087647	-1	2637.02386192
 2015-06-21 02:54:41	1434855281	126974423	40.519995	-91.4147705	1	2654.04629092
 2015-06-20 17:50:36	1434822636	18094971	42.0275307	-91.6335602	1	2627.41979948
 2015-06-20 17:57:18	1434823038	551323471	42.0224	-91.6954	1	2622.32325379
 2015-06-21 01:43:20	1434851000	17144669	41.92276073	-91.41777733	1	2645.51135414
 2015-06-20 15:48:05	1434815285	551323471	42.0224	-91.6954	-1	2622.32325379
 2015-06-20 17:32:05	1434821525	1567274587	41.98516329	-91.56380287	1	2633.27708456
 2015-06-20 17:50:36	1434822636	18094971	42.0275307	-91.6335602	1	2627.41979948
 2015-06-20 17:57:18	1434823038	551323471	42.0224	-91.6954	1	2622.32325379
 2015-06-21 01:43:20	1434851000	17144669	41.92276073	-91.41777733	1	2645.51135414
 2015-06-20 15:48:05	1434815285	551323471	42.0224	-91.6954	-1	2622.32325379
 2015-06-20 17:32:05	1434821525	1567274587	41.98516329	-91.56380287	1	2633.27708456
 2015-06-20 17:50:36	1434822636	18094971	42.0275307	-91.6335602	1	2627.41979948
 2015-06-20 17:57:18	1434823038	551323471	42.0224	-91.6954	1	2622.32325379
 2015-06-21 01:43:20	1434851000	17144669	41.92276073	-91.41777733	1	2645.51135414
 2015-06-20 15:48:05	1434815285	551323471	42.0224	-91.6954	-1	2622.32325379
 2015-06-20 17:32:05	1434821525	1567274587	41.98516329	-91.56380287	1	2633.27708456
 2015-06-20 21:54:08	1434837248	226364745	41.5597	-91.2766	-1	2658.56374777
 2015-06-20 21:54:08	1434837248	226364745	41.5597	-91.2766	-1	2658.56374777
 2015-06-20 21:54:08	1434837248	226364745	41.5597	-91.2766	-1	2658.56374777
 2015-06-20 21:54:08	1434837248	226364745	41.5597	-91.2766	-1	2658.56374777
 2015-06-20 19:01:15	1434826875	261921529	42.78570915	-96.16623076	1	2257.56813364
 2015-06-20 13:42:01	1434807721	15421859	41.58748086	-93.62574557	1	2463.14551351
 2015-06-20 16:34:23	1434818063	250945327	41.60985163	-93.66685901	-1	2459.69180883
 2015-06-20 20:27:06	1434832026	16857151	41.5861	-93.6176	1	2463.8251929
 2015-06-21 01:39:25	1434850765	62377052	41.5700149	-93.64357778	1	2461.69192727
 2015-06-21 01:06:50	1434848810	103769342	41.5700149	-93.64357778	1	2461.69192727
 2015-06-20 21:29:40	1434835780	2341275302	41.6428194	-92.3580582	-1	2568.37999583
 2015-06-20 21:29:40	1434835780	2341275302	41.6428194	-92.3580582	-1	2568.37999583
 2015-06-20 21:29:40	1434835780	2341275302	41.6428194	-92.3580582	-1	2568.37999583
 2015-06-20 21:29:40	1434835780	2341275302	41.6428194	-92.3580582	-1	2568.37999583
 2015-06-20 22:47:31	1434840451	1161841206	41.4999619	-91.5313873	1	2637.64565268
 2015-06-20 22:47:31	1434840451	1161841206	41.4999619	-91.5313873	1	2637.64565268
 2015-06-20 22:47:31	1434840451	1161841206	41.4999619	-91.5313873	1	2637.64565268
 2015-06-21 21:05:31	1434920731	16581551	42.51066312	-92.35396376	-1	2567.87481588
 2015-06-21 12:13:06	1434888786	2407698564	41.9418488	-91.6749725	1	2624.19151798
 2015-06-22 00:08:20	1434931700	236992367	41.0331476	-92.8082857	1	2533.30040163
 2015-06-22 00:08:20	1434931700	236992367	41.0331476	-92.8082857	-1	2533.30040163
 2015-06-22 00:08:20	1434931700	236992367	41.0331476	-92.8082857	-1	2533.30040163
 2015-06-22 00:08:20	1434931700	236992367	41.0331476	-92.8082857	-1	2533.30040163
 2015-06-22 00:08:20	1434931700	236992367	41.0331476	-92.8082857	-1	2533.30040163
 2015-06-21 07:29:03	1434871743	1357815708	41.59023185	-93.77232218	-1	2450.95227367
 2015-06-21 14:38:28	1434897508	15421859	41.58748086	-93.62574557	1	2463.14551351
 2015-06-22 22:52:34	1435013554	520941744	40.82233416	-92.89852175	1	2526.92084008
 2015-06-22 22:52:34	1435013554	520941744	40.82233416	-92.89852175	1	2526.92084008
 2015-06-22 20:22:26	1435004546	16847361	42.68751909	-92.39617404	-1	2564.67338161
 2015-06-22 20:22:26	1435004546	16847361	42.68751909	-92.39617404	-1	2564.67338161
 2015-06-22 20:22:26	1435004546	16847361	42.68751909	-92.39617404	-1	2564.67338161
 2015-06-22 20:22:26	1435004546	16847361	42.68751909	-92.39617404	-1	2564.67338161
 2015-06-22 20:22:26	1435004546	16847361	42.68751909	-92.39617404	-1	2564.67338161
 2015-06-22 20:22:26	1435004546	16847361	42.68751909	-92.39617404	-1	2564.67338161
 2015-06-22 20:22:26	1435004546	16847361	42.68751909	-92.39617404	-1	2564.67338161
 2015-06-22 20:22:26	1435004546	16847361	42.68751909	-92.39617404	-1	2564.67338161
 2015-06-22 20:51:53	1435006313	116364497	41.8258783	-90.5362483	-1	2718.8065524
 2015-06-22 18:41:24	1434998484	116364497	41.8424641	-90.5465285	1	2717.88491805
 2015-06-22 20:26:10	1435004770	116364497	41.8260935	-90.539158	-1	2718.56471192
 2015-06-22 15:16:37	1434986197	116364497	41.879224	-90.5682425	1	2715.93642115
 2015-06-22 20:51:53	1435006313	116364497	41.8258783	-90.5362483	-1	2718.8065524
 2015-06-22 18:41:24	1434998484	116364497	41.8424641	-90.5465285	1	2717.88491805
 2015-06-22 20:26:10	1435004770	116364497	41.8260935	-90.539158	-1	2718.56471192
 2015-06-22 15:16:37	1434986197	116364497	41.879224	-90.5682425	-1	2715.93642115
 2015-06-23 00:52:32	1435020752	291935244	42.4932598	-90.6839257	-1	2704.7827001
 2015-06-22 21:11:10	1435007470	930476484	42.68609568	-91.86396052	-1	2608.16830519
 2015-06-23 00:52:32	1435020752	291935244	42.4932598	-90.6839257	-1	2704.7827001
 2015-06-22 21:11:10	1435007470	930476484	42.68609568	-91.86396052	-1	2608.16830519
 2015-06-23 00:52:32	1435020752	291935244	42.4932598	-90.6839257	-1	2704.7827001
 2015-06-22 14:33:41	1434983621	98274221	41.6324689	-91.5036198	1	2639.387267
 2015-06-22 23:20:30	1435015230	49766282	41.64871272	-91.51039086	-1	2638.76060215
 2015-06-22 23:20:52	1435015252	614554076	41.6533508	-91.5812607	1	2632.85795912
 2015-06-23 03:13:43	1435029223	46090039	41.6558	-91.525	1	2637.51993801
 2015-06-23 03:23:24	1435029804	46090039	41.6558	-91.525	1	2637.51993801
 2015-06-22 23:20:30	1435015230	49766282	41.64871272	-91.51039086	-1	2638.76060215
 2015-06-22 23:20:52	1435015252	614554076	41.6533508	-91.5812607	-1	2632.85795912
 2015-06-23 03:13:43	1435029223	46090039	41.6558	-91.525	1	2637.51993801
 2015-06-23 03:23:24	1435029804	46090039	41.6558	-91.525	-1	2637.51993801
 2015-06-22 23:20:30	1435015230	49766282	41.64871272	-91.51039086	-1	2638.76060215
 2015-06-22 23:20:52	1435015252	614554076	41.6533508	-91.5812607	-1	2632.85795912
 2015-06-23 03:13:43	1435029223	46090039	41.6558	-91.525	1	2637.51993801
 2015-06-23 03:23:24	1435029804	46090039	41.6558	-91.525	1	2637.51993801
 2015-06-22 23:20:30	1435015230	49766282	41.64871272	-91.51039086	-1	2638.76060215
 2015-06-22 23:20:52	1435015252	614554076	41.6533508	-91.5812607	-1	2632.85795912
 2015-06-23 03:13:43	1435029223	46090039	41.6558	-91.525	1	2637.51993801
 2015-06-23 03:23:24	1435029804	46090039	41.6558	-91.525	1	2637.51993801
 2015-06-22 23:20:30	1435015230	49766282	41.64871272	-91.51039086	-1	2638.76060215
 2015-06-22 15:06:38	1434985598	628883841	41.98586171	-91.72013716	-1	2620.35674269
 2015-06-22 23:20:52	1435015252	614554076	41.6533508	-91.5812607	-1	2632.85795912
 2015-06-23 03:13:43	1435029223	46090039	41.6558	-91.525	1	2637.51993801
 2015-06-23 01:52:03	1435024323	330664194	40.40183439	-91.38001724	1	2658.06926007
 2015-06-23 01:01:37	1435021297	112203217	40.5388901	-91.4742126	-1	2648.87035152
 2015-06-23 03:23:24	1435029804	46090039	41.6558	-91.525	1	2637.51993801
 2015-06-22 17:54:04	1434995644	98964964	42.05014982	-91.59993467	1	2630.14943102
 2015-06-23 01:03:26	1435021406	370272864	42.0329399	-91.6327362	-1	2627.47655691
 2015-06-23 03:06:09	1435028769	46090039	41.4811	-91.3075	1	2656.36598104
 2015-06-23 02:16:51	1435025811	1544651912	41.44541167	-91.07486667	1	2675.91235846
 2015-06-23 03:06:09	1435028769	46090039	41.4811	-91.3075	-1	2656.36598104
 2015-06-23 02:16:51	1435025811	1544651912	41.44541167	-91.07486667	1	2675.91235846
 2015-06-23 03:06:09	1435028769	46090039	41.4811	-91.3075	-1	2656.36598104
 2015-06-23 02:16:51	1435025811	1544651912	41.44541167	-91.07486667	1	2675.91235846
 2015-06-23 03:06:09	1435028769	46090039	41.4811	-91.3075	-1	2656.36598104
 2015-06-23 02:16:51	1435025811	1544651912	41.44541167	-91.07486667	1	2675.91235846
 2015-06-23 03:06:09	1435028769	46090039	41.4811	-91.3075	-1	2656.36598104
 2015-06-23 02:16:51	1435025811	1544651912	41.44541167	-91.07486667	1	2675.91235846
 2015-06-23 03:06:09	1435028769	46090039	41.4811	-91.3075	1	2656.36598104
 2015-06-23 02:16:51	1435025811	1544651912	41.44541167	-91.07486667	1	2675.91235846
 2015-06-22 16:01:29	1434988889	534863473	41.5921288	-93.6061478	1	2464.76745686
 2015-06-22 18:41:50	1434998510	23529582	41.65380377	-93.50000381	-1	2473.49201826
 2015-06-23 02:16:56	1435025816	373692963	41.61881897	-93.67869727	1	2458.69454463
 2015-06-23 02:16:56	1435025816	373692963	41.61881897	-93.67869727	-1	2458.69454463
 2015-06-23 01:12:47	1435021967	161929684	41.67440976	-90.34265698	-1	2735.56823
 2015-06-22 22:33:40	1435012420	885942271	41.00981884	-92.44832626	-1	2563.58930177
 2015-06-23 06:24:00	1435040640	18756502	42.73449139	-95.31656558	1	2326.42894969
 2015-06-23 06:24:00	1435040640	18756502	42.73449139	-95.31656558	1	2326.42894969
 2015-06-23 06:24:00	1435040640	18756502	42.73449139	-95.31656558	1	2326.42894969
 2015-06-23 06:24:00	1435040640	18756502	42.73449139	-95.31656558	1	2326.42894969
 2015-06-23 06:24:00	1435040640	18756502	42.73449139	-95.31656558	1	2326.42894969
 2015-06-23 14:34:20	1435070060	2551097143	43.1346362	-93.17719451	1	2502.63782132
 2015-06-23 06:24:00	1435040640	18756502	42.73449139	-95.31656558	1	2326.42894969
 2015-06-23 14:34:20	1435070060	2551097143	43.1346362	-93.17719451	1	2502.63782132
 2015-06-23 06:24:00	1435040640	18756502	42.73449139	-95.31656558	1	2326.42894969
 2015-06-23 14:34:20	1435070060	2551097143	43.1346362	-93.17719451	1	2502.63782132
 2015-06-23 06:24:00	1435040640	18756502	42.73449139	-95.31656558	1	2326.42894969
 2015-06-23 14:34:20	1435070060	2551097143	43.1346362	-93.17719451	1	2502.63782132
 2015-06-23 06:24:00	1435040640	18756502	42.73449139	-95.31656558	1	2326.42894969
 2015-06-23 14:34:20	1435070060	2551097143	43.1346362	-93.17719451	1	2502.63782132
 2015-06-23 06:24:00	1435040640	18756502	42.73449139	-95.31656558	1	2326.42894969
 2015-06-23 14:34:20	1435070060	2551097143	43.1346362	-93.17719451	1	2502.63782132
 2015-06-23 06:24:00	1435040640	18756502	42.73449139	-95.31656558	1	2326.42894969
 2015-06-23 10:55:44	1435056944	21502760	41.76235702	-91.51620421	1	2637.861429
 2015-06-23 22:31:50	1435098710	15421859	41.58748086	-93.62574557	1	2463.14551351
 2015-06-23 14:20:00	1435069200	65942633	42.49991221	-96.36617545	-1	2239.16181658
 2015-06-23 15:08:53	1435072133	65942633	42.4997281	-96.366434	-1	2239.13942371
 2015-06-23 16:40:44	1435077644	396679195	42.4975204	-96.4067078	-1	2235.82883843
 2015-06-23 14:20:00	1435069200	65942633	42.49991221	-96.36617545	-1	2239.16181658
 2015-06-23 15:08:53	1435072133	65942633	42.4997281	-96.366434	-1	2239.13942371
 2015-06-23 16:40:44	1435077644	396679195	42.4975204	-96.4067078	-1	2235.82883843
 2015-06-23 14:20:00	1435069200	65942633	42.49991221	-96.36617545	-1	2239.16181658
 2015-06-23 15:08:53	1435072133	65942633	42.4997281	-96.366434	1	2239.13942371
 2015-06-23 16:40:44	1435077644	396679195	42.4975204	-96.4067078	1	2235.82883843
 2015-06-23 14:20:00	1435069200	65942633	42.49991221	-96.36617545	-1	2239.16181658
 2015-06-23 15:08:53	1435072133	65942633	42.4997281	-96.366434	-1	2239.13942371
 2015-06-23 16:40:44	1435077644	396679195	42.4975204	-96.4067078	-1	2235.82883843
 2015-06-24 10:39:30	1435142370	72481395	42.7256203	-92.4748535	1	2558.32188879
 2015-06-24 10:39:30	1435142370	72481395	42.7256203	-92.4748535	1	2558.32188879
 2015-06-24 10:39:30	1435142370	72481395	42.7256203	-92.4748535	1	2558.32188879
 2015-06-24 10:39:30	1435142370	72481395	42.7256203	-92.4748535	1	2558.32188879
 2015-06-25 02:04:58	1435197898	393073140	41.60825401	-93.87053205	1	2442.76200182
 2015-06-25 02:26:23	1435199183	337896201	40.8402664	-93.8098933	-1	2450.23963374
 2015-06-25 04:06:34	1435205194	102503988	42.48594219	-91.45436036	-1	2641.618276
 2015-06-25 02:04:58	1435197898	393073140	41.60825401	-93.87053205	1	2442.76200182
 2015-06-25 02:26:23	1435199183	337896201	40.8402664	-93.8098933	-1	2450.23963374
 2015-06-25 04:06:34	1435205194	102503988	42.48594219	-91.45436036	1	2641.618276
 2015-06-25 02:04:58	1435197898	393073140	41.60825401	-93.87053205	1	2442.76200182
 2015-06-25 02:26:23	1435199183	337896201	40.8402664	-93.8098933	-1	2450.23963374
 2015-06-25 04:06:34	1435205194	102503988	42.48594219	-91.45436036	1	2641.618276
 2015-06-25 02:04:58	1435197898	393073140	41.60825401	-93.87053205	1	2442.76200182
 2015-06-25 02:26:23	1435199183	337896201	40.8402664	-93.8098933	-1	2450.23963374
 2015-06-25 04:06:34	1435205194	102503988	42.48594219	-91.45436036	1	2641.618276
 2015-06-25 02:04:58	1435197898	393073140	41.60825401	-93.87053205	1	2442.76200182
 2015-06-25 02:26:23	1435199183	337896201	40.8402664	-93.8098933	-1	2450.23963374
 2015-06-25 04:06:34	1435205194	102503988	42.48594219	-91.45436036	-1	2641.618276
 2015-06-25 02:04:58	1435197898	393073140	41.60825401	-93.87053205	1	2442.76200182
 2015-06-25 02:26:23	1435199183	337896201	40.8402664	-93.8098933	-1	2450.23963374
 2015-06-25 04:06:34	1435205194	102503988	42.48594219	-91.45436036	1	2641.618276
 2015-06-25 02:04:58	1435197898	393073140	41.60825401	-93.87053205	1	2442.76200182
 2015-06-25 02:26:23	1435199183	337896201	40.8402664	-93.8098933	-1	2450.23963374
 2015-06-25 04:06:34	1435205194	102503988	42.48594219	-91.45436036	1	2641.618276
 2015-06-25 02:04:58	1435197898	393073140	41.60825401	-93.87053205	1	2442.76200182
 2015-06-25 02:26:23	1435199183	337896201	40.8402664	-93.8098933	-1	2450.23963374
 2015-06-25 04:06:34	1435205194	102503988	42.48594219	-91.45436036	1	2641.618276
 2015-06-25 02:04:58	1435197898	393073140	41.60825401	-93.87053205	1	2442.76200182
 2015-06-25 02:26:23	1435199183	337896201	40.8402664	-93.8098933	-1	2450.23963374
 2015-06-25 00:33:08	1435192388	49766282	41.64903113	-91.5109342	1	2638.71423654
 2015-06-25 00:33:08	1435192388	49766282	41.64903113	-91.5109342	-1	2638.71423654
 2015-06-25 00:33:08	1435192388	49766282	41.64903113	-91.5109342	-1	2638.71423654
 2015-06-25 00:33:08	1435192388	49766282	41.64903113	-91.5109342	-1	2638.71423654
 2015-06-24 20:55:45	1435179345	470792609	41.9773685	-91.6449432	-1	2626.58988618
 2015-06-25 00:33:08	1435192388	49766282	41.64903113	-91.5109342	-1	2638.71423654
 2015-06-25 03:50:47	1435204247	2599207729	41.9590183	-91.6597781	-1	2625.40658947
 2015-06-24 23:33:02	1435188782	1286862678	42.0285606	-91.6336823	1	2627.4075574
 2015-06-24 23:14:46	1435187686	1567274587	41.98671059	-91.56193894	-1	2633.4274408
 2015-06-25 03:50:47	1435204247	2599207729	41.9590183	-91.6597781	-1	2625.40658947
 2015-06-24 23:36:45	1435189005	627853041	41.2610371	-91.3779973	-1	2651.66393158
 2015-06-24 23:33:02	1435188782	1286862678	42.0285606	-91.6336823	1	2627.4075574
 2015-06-24 23:14:46	1435187686	1567274587	41.98671059	-91.56193894	-1	2633.4274408
 2015-06-25 03:50:47	1435204247	2599207729	41.9590183	-91.6597781	-1	2625.40658947
 2015-06-24 23:36:45	1435189005	627853041	41.2610371	-91.3779973	-1	2651.66393158
 2015-06-24 23:33:02	1435188782	1286862678	42.0285606	-91.6336823	-1	2627.4075574
 2015-06-24 23:14:46	1435187686	1567274587	41.98671059	-91.56193894	-1	2633.4274408
 2015-06-25 03:50:47	1435204247	2599207729	41.9590183	-91.6597781	-1	2625.40658947
 2015-06-24 23:36:45	1435189005	627853041	41.2610371	-91.3779973	-1	2651.66393158
 2015-06-24 23:33:02	1435188782	1286862678	42.0285606	-91.6336823	-1	2627.4075574
 2015-06-24 23:14:46	1435187686	1567274587	41.98671059	-91.56193894	-1	2633.4274408
 2015-06-25 03:50:47	1435204247	2599207729	41.9590183	-91.6597781	-1	2625.40658947
 2015-06-24 23:36:45	1435189005	627853041	41.2610371	-91.3779973	-1	2651.66393158
 2015-06-24 23:33:02	1435188782	1286862678	42.0285606	-91.6336823	1	2627.4075574
 2015-06-24 23:14:46	1435187686	1567274587	41.98671059	-91.56193894	-1	2633.4274408
 2015-06-25 03:50:47	1435204247	2599207729	41.9590183	-91.6597781	-1	2625.40658947
 2015-06-24 23:36:45	1435189005	627853041	41.2610371	-91.3779973	-1	2651.66393158
 2015-06-24 23:33:02	1435188782	1286862678	42.0285606	-91.6336823	1	2627.4075574
 2015-06-24 23:14:46	1435187686	1567274587	41.98671059	-91.56193894	-1	2633.4274408
 2015-06-24 12:29:19	1435148959	83540809	41.6570091	-93.7325821	-1	2454.16653843
 2015-06-24 17:33:13	1435167193	17102743	41.5858231	-93.6542435	1	2460.77836819
 2015-06-24 18:23:41	1435170221	432711032	41.61530846	-93.64776897	1	2461.27053359
 2015-06-25 00:37:33	1435192653	1597521211	41.6003756	-93.789011	1	2449.55009106
 2015-06-25 00:10:19	1435191019	937075176	41.6003756	-93.789011	-1	2449.55009106
 2015-06-24 22:35:39	1435185339	47287578	41.5700149	-93.64357778	-1	2461.69192727
 2015-06-25 00:37:33	1435192653	1597521211	41.6003756	-93.789011	-1	2449.55009106
 2015-06-24 21:46:39	1435182399	432711032	41.61530846	-93.64776897	1	2461.27053359
 2015-06-25 05:24:51	1435209891	300421490	41.61874217	-93.72557169	-1	2454.79843161
 2015-06-25 00:50:40	1435193440	722664331	41.63824257	-93.697034	-1	2457.14369901
 2015-06-25 02:58:13	1435201093	2583084306	41.76113652	-93.71025908	-1	2455.91969994
 2015-06-25 01:57:39	1435197459	718496622	41.68404664	-93.80161202	1	2448.40380577
 2015-06-25 01:38:49	1435196329	435123757	41.7642396	-93.709326	1	2455.99486492
 2015-06-25 04:41:21	1435207281	367842228	41.65232833	-93.50206167	1	2473.3232756
 2015-06-25 00:55:33	1435193733	35829174	41.58283333	-93.68498833	-1	2458.22638604
 2015-06-25 05:24:51	1435209891	300421490	41.61874217	-93.72557169	-1	2454.79843161
 2015-06-25 00:50:40	1435193440	722664331	41.63824257	-93.697034	-1	2457.14369901
 2015-06-25 02:58:13	1435201093	2583084306	41.76113652	-93.71025908	-1	2455.91969994
 2015-06-25 01:57:39	1435197459	718496622	41.68404664	-93.80161202	1	2448.40380577
 2015-06-25 01:38:49	1435196329	435123757	41.7642396	-93.709326	1	2455.99486492
 2015-06-25 04:41:21	1435207281	367842228	41.65232833	-93.50206167	1	2473.3232756
 2015-06-25 00:55:33	1435193733	35829174	41.58283333	-93.68498833	-1	2458.22638604
 2015-06-25 00:18:57	1435191537	620189409	41.6810041	-95.17317777	-1	2334.50377954
 2015-06-24 23:27:35	1435188455	620189409	41.70088555	-95.28608102	1	2325.14712301
 2015-06-24 23:39:57	1435189197	620189409	41.69511426	-95.26816601	-1	2326.62870526
 2015-06-24 23:52:03	1435189923	620189409	41.68905493	-95.22057517	-1	2330.57456644
 2015-06-25 00:18:57	1435191537	620189409	41.6810041	-95.17317777	-1	2334.50377954
 2015-06-24 23:27:35	1435188455	620189409	41.70088555	-95.28608102	-1	2325.14712301
 2015-06-24 23:39:57	1435189197	620189409	41.69511426	-95.26816601	-1	2326.62870526
 2015-06-24 23:52:03	1435189923	620189409	41.68905493	-95.22057517	-1	2330.57456644
 2015-06-25 00:18:57	1435191537	620189409	41.6810041	-95.17317777	-1	2334.50377954
 2015-06-24 23:27:35	1435188455	620189409	41.70088555	-95.28608102	-1	2325.14712301
 2015-06-24 23:39:57	1435189197	620189409	41.69511426	-95.26816601	1	2326.62870526
 2015-06-24 23:52:03	1435189923	620189409	41.68905493	-95.22057517	-1	2330.57456644
 2015-06-25 02:13:28	1435198408	1670179760	42.02752708	-93.64853996	1	2460.99445598
 2015-06-25 01:55:28	1435197328	2480644568	41.12486525	-94.05182311	-1	2428.75292161
 2015-06-25 02:13:28	1435198408	1670179760	42.02752708	-93.64853996	-1	2460.99445598
 2015-06-25 01:55:28	1435197328	2480644568	41.12486525	-94.05182311	-1	2428.75292161
 2015-06-25 02:13:28	1435198408	1670179760	42.02752708	-93.64853996	-1	2460.99445598
 2015-06-25 01:55:28	1435197328	2480644568	41.12486525	-94.05182311	-1	2428.75292161
 2015-06-25 02:13:28	1435198408	1670179760	42.02752708	-93.64853996	-1	2460.99445598
 2015-06-24 23:40:25	1435189225	49889203	41.4839939	-93.7614192	1	2452.04292675
 2015-06-25 03:27:04	1435202824	372076083	41.4787204	-93.68298789	1	2458.5862588
 2015-06-24 13:08:43	1435151323	620483248	41.49728593	-93.4881177	-1	2474.7744432
 2015-06-24 18:15:26	1435169726	620483248	41.49528334	-93.48675	1	2474.89285685
 2015-06-25 01:55:28	1435197328	2480644568	41.12486525	-94.05182311	-1	2428.75292161
 2015-06-25 02:13:28	1435198408	1670179760	42.02752708	-93.64853996	1	2460.99445598
 2015-06-24 23:40:25	1435189225	49889203	41.4839939	-93.7614192	1	2452.04292675
 2015-06-25 03:27:04	1435202824	372076083	41.4787204	-93.68298789	1	2458.5862588
 2015-06-24 13:08:43	1435151323	620483248	41.49728593	-93.4881177	-1	2474.7744432
 2015-06-24 18:15:26	1435169726	620483248	41.49528334	-93.48675	1	2474.89285685
 2015-06-25 02:51:32	1435200692	2818994550	42.4931541	-96.4261859	-1	2234.20530513
 2015-06-25 02:51:32	1435200692	2818994550	42.4931541	-96.4261859	-1	2234.20530513
 2015-06-25 02:51:32	1435200692	2818994550	42.4931541	-96.4261859	-1	2234.20530513
 2015-06-25 02:51:32	1435200692	2818994550	42.4931541	-96.4261859	-1	2234.20530513
 2015-06-25 02:51:32	1435200692	2818994550	42.4931541	-96.4261859	-1	2234.20530513
 2015-06-25 22:58:06	1435273086	14852278	42.46646093	-92.3218517	-1	2570.46896714
 2015-06-26 04:21:46	1435292506	1006320432	42.463261	-91.91690364	-1	2603.68398385
 2015-06-26 04:21:46	1435292506	1006320432	42.463261	-91.91690364	-1	2603.68398385
 2015-06-26 04:21:46	1435292506	1006320432	42.463261	-91.91690364	-1	2603.68398385
 2015-06-26 04:21:46	1435292506	1006320432	42.463261	-91.91690364	-1	2603.68398385
 2015-06-26 04:21:46	1435292506	1006320432	42.463261	-91.91690364	-1	2603.68398385
 2015-06-26 04:21:46	1435292506	1006320432	42.463261	-91.91690364	-1	2603.68398385
 2015-06-26 04:21:46	1435292506	1006320432	42.463261	-91.91690364	-1	2603.68398385
 2015-06-26 04:21:46	1435292506	1006320432	42.463261	-91.91690364	1	2603.68398385
 2015-06-26 04:21:46	1435292506	1006320432	42.463261	-91.91690364	-1	2603.68398385
 2015-06-26 04:21:46	1435292506	1006320432	42.463261	-91.91690364	-1	2603.68398385
 2015-06-26 04:21:46	1435292506	1006320432	42.463261	-91.91690364	-1	2603.68398385
 2015-06-25 15:45:58	1435247158	34915976	41.81	-94.22	-1	2413.64272002
 2015-06-25 15:45:58	1435247158	34915976	41.81	-94.22	-1	2413.64272002
 2015-06-25 16:56:21	1435251381	417426872	42.40589787	-90.70492825	-1	2703.18489149
 2015-06-25 15:45:58	1435247158	34915976	41.81	-94.22	-1	2413.64272002
 2015-06-25 16:29:03	1435249743	34915976	41.76	-93.07	1	2509.02386103
 2015-06-25 16:29:03	1435249743	34915976	41.76	-93.07	-1	2509.02386103
 2015-06-25 21:23:38	1435267418	107877202	41.66347826	-91.53047317	-1	2637.03594305
 2015-06-25 17:03:45	1435251825	25097249	42.03938406	-91.65068472	1	2625.98128444
 2015-06-25 15:57:06	1435247826	34927081	41.35	-91.47	-1	2643.49651327
 2015-06-25 15:57:06	1435247826	34927081	41.35	-91.47	1	2643.49651327
 2015-06-25 15:57:06	1435247826	34927081	41.35	-91.47	-1	2643.49651327
 2015-06-25 15:57:06	1435247826	34927081	41.35	-91.47	-1	2643.49651327
 2015-06-25 18:31:31	1435257091	34915976	41.18	-93.15	-1	2504.00794277
 2015-06-25 15:57:06	1435247826	34927081	41.35	-91.47	-1	2643.49651327
 2015-06-25 18:31:31	1435257091	34915976	41.18	-93.15	-1	2504.00794277
 2015-06-25 15:57:06	1435247826	34927081	41.35	-91.47	-1	2643.49651327
 2015-06-25 18:31:31	1435257091	34915976	41.18	-93.15	-1	2504.00794277
 2015-06-25 15:57:06	1435247826	34927081	41.35	-91.47	1	2643.49651327
 2015-06-25 18:31:31	1435257091	34915976	41.18	-93.15	-1	2504.00794277
 2015-06-25 15:57:06	1435247826	34927081	41.35	-91.47	1	2643.49651327
 2015-06-25 18:31:31	1435257091	34915976	41.18	-93.15	-1	2504.00794277
 2015-06-25 15:57:06	1435247826	34927081	41.35	-91.47	-1	2643.49651327
 2015-06-25 18:31:31	1435257091	34915976	41.18	-93.15	-1	2504.00794277
 2015-06-25 15:57:06	1435247826	34927081	41.35	-91.47	-1	2643.49651327
 2015-06-25 18:31:31	1435257091	34915976	41.18	-93.15	-1	2504.00794277
 2015-06-25 15:57:06	1435247826	34927081	41.35	-91.47	-1	2643.49651327
 2015-06-25 13:03:56	1435237436	284706054	41.73285808	-93.60101976	1	2465.00643229
 2015-06-25 12:11:34	1435234294	2294162381	41.60414196	-93.62347185	-1	2463.30757335
 2015-06-25 11:38:09	1435232289	15130264	41.60312076	-93.79096985	-1	2449.38342013
 2015-06-25 18:47:38	1435258058	60687428	41.57125637	-93.77232958	1	2450.9803003
 2015-06-25 16:13:50	1435248830	34915976	41.61	-93.72	-1	2455.27391043
 2015-06-25 16:57:45	1435251465	34915976	41.72	-93.57	-1	2467.59405466
 2015-06-25 16:54:29	1435251269	34915976	41.64	-93.74	-1	2453.57114837
 2015-06-26 00:49:35	1435279775	497243041	41.58304137	-93.61679086	-1	2463.89762997
 2015-06-26 01:52:07	1435283527	111185571	41.58976	-93.61565	1	2463.98124643
 2015-06-25 13:54:56	1435240496	65587931	41.74610192	-92.71628237	1	2538.3871043
 2015-06-25 13:54:56	1435240496	65587931	41.74610192	-92.71628237	1	2538.3871043
 2015-06-25 13:54:56	1435240496	65587931	41.74610192	-92.71628237	1	2538.3871043
 2015-06-25 17:57:28	1435255048	49889203	41.4836769	-93.7400233	-1	2453.8255693
 2015-06-25 18:56:24	1435258584	34915976	41.37	-93.42	-1	2480.78225188
 2015-06-26 20:15:55	1435349755	320742334	42.8563402	-92.0949438	1	2589.60113791
 2015-06-26 20:15:55	1435349755	320742334	42.8563402	-92.0949438	1	2589.60113791
 2015-06-26 20:15:55	1435349755	320742334	42.8563402	-92.0949438	1	2589.60113791
 2015-06-27 03:01:39	1435374099	30048832	42.03400342	-94.84705884	1	2362.0198202
 2015-06-26 20:15:55	1435349755	320742334	42.8563402	-92.0949438	1	2589.60113791
 2015-06-27 03:01:39	1435374099	30048832	42.03400342	-94.84705884	1	2362.0198202
 2015-06-26 20:15:55	1435349755	320742334	42.8563402	-92.0949438	1	2589.60113791
 2015-06-27 03:01:39	1435374099	30048832	42.03400342	-94.84705884	1	2362.0198202
 2015-06-26 20:15:55	1435349755	320742334	42.8563402	-92.0949438	1	2589.60113791
 2015-06-27 03:01:39	1435374099	30048832	42.03400342	-94.84705884	1	2362.0198202
 2015-06-26 20:15:55	1435349755	320742334	42.8563402	-92.0949438	1	2589.60113791
 2015-06-27 03:01:39	1435374099	30048832	42.03400342	-94.84705884	1	2362.0198202
 2015-06-26 20:15:55	1435349755	320742334	42.8563402	-92.0949438	1	2589.60113791
 2015-06-27 03:01:39	1435374099	30048832	42.03400342	-94.84705884	1	2362.0198202
 2015-06-26 20:15:55	1435349755	320742334	42.8563402	-92.0949438	1	2589.60113791
 2015-06-27 03:01:39	1435374099	30048832	42.03400342	-94.84705884	1	2362.0198202
 2015-06-26 20:15:55	1435349755	320742334	42.8563402	-92.0949438	1	2589.60113791
 2015-06-27 03:01:39	1435374099	30048832	42.03400342	-94.84705884	1	2362.0198202
 2015-06-26 20:15:55	1435349755	320742334	42.8563402	-92.0949438	1	2589.60113791
 2015-06-27 03:01:39	1435374099	30048832	42.03400342	-94.84705884	1	2362.0198202
 2015-06-26 20:15:55	1435349755	320742334	42.8563402	-92.0949438	1	2589.60113791
 2015-06-26 13:08:38	1435324118	23720298	41.5319	-93.9539	1	2435.93308847
 2015-06-26 13:08:38	1435324118	23720298	41.5319	-93.9539	1	2435.93308847
 2015-06-26 10:46:34	1435315594	111185571	41.58976	-93.61565	1	2463.98124643
 2015-06-26 17:32:36	1435339956	175084010	41.58855403	-93.6115114	1	2464.32740447
 2015-06-27 00:18:31	1435364311	15536856	41.5606421	-93.6423477	-1	2461.81058861
 2015-06-26 15:18:21	1435331901	184208116	41.729204	-92.7256008	1	2537.64901089
 2015-06-26 15:18:21	1435331901	184208116	41.729204	-92.7256008	1	2537.64901089
 2015-06-26 15:18:21	1435331901	184208116	41.729204	-92.7256008	1	2537.64901089
 2015-06-26 08:02:58	1435305778	67184679	42.505731	-96.4082269	1	2235.76021674
