 2015-06-19 23:53:45	1434758025	55388964	40.78510986	-92.9459203	1	2523.16638086
 2015-06-20 01:01:56	1434762116	291981860	40.83925	-92.87081167	-1	2529.14615352
 2015-06-19 13:54:02	1434722042	394284109	41.84384834	-90.18829841	1	2747.53015378
 2015-06-19 18:06:15	1434737175	394284109	41.84384834	-90.18829841	1	2747.53015378
 2015-06-19 13:23:09	1434720189	116364497	41.8792254	-90.5682402	1	2715.9366058
 2015-06-20 02:17:41	1434766661	600263201	41.8158798	-90.2291718	1	2744.27692528
 2015-06-19 21:17:52	1434748672	50760066	41.8247748	-90.7625283	1	2700.07466321
 2015-06-19 18:00:09	1434736809	394284109	41.84384834	-90.18829841	1	2747.53015378
 2015-06-19 18:40:48	1434739248	1115313198	41.839817	-90.1906128	1	2747.35727255
 2015-06-19 17:02:32	1434733352	374638571	41.60379629	-93.83878296	-1	2445.40729004
 2015-06-19 10:25:23	1434709523	34483786	41.61026555	-93.85817618	1	2443.78666527
 2015-06-19 12:00:16	1434715216	116364497	41.8199648	-90.2137574	1	2745.53399418
 2015-06-19 12:39:33	1434717573	116364497	41.808309	-90.4901441	1	2722.70091287
 2015-06-19 14:37:36	1434724656	120129793	41.62095475	-93.83755205	1	2445.48772514
 2015-06-19 17:58:29	1434736709	53193372	41.90078822	-90.17702376	1	2748.20601911
 2015-06-19 13:22:41	1434720161	116364497	41.8792241	-90.5682422	1	2715.93644557
 2015-06-19 10:42:11	1434710531	116364497	41.8156271	-90.3480087	-1	2734.4382823
 2015-06-20 01:34:00	1434764040	957706782	40.810129	-91.099223	1	2678.11598876
 2015-06-19 14:58:21	1434725901	420018160	40.80985806	-91.09953196	1	2678.09223137
 2015-06-20 03:10:48	1434769848	308659753	42.30736067	-91.1453786	-1	2667.14892175
 2015-06-19 21:03:23	1434747803	440504653	40.82429912	-93.81993243	1	2449.47643531
 2015-06-20 04:55:11	1434776111	2187774714	42.49912167	-90.69741167	1	2703.66984212
 2015-06-19 21:05:15	1434747915	48066482	41.724055	-94.42516792	-1	2396.61924166
 2015-06-20 02:25:26	1434767126	51627680	42.49969329	-90.68677476	1	2704.54112854
 2015-06-20 00:58:33	1434761913	403107704	42.53556825	-90.77638246	1	2697.15813998
 2015-06-19 14:14:37	1434723277	2163515300	42.5039013	-90.6919609	-1	2704.11088189
 2015-06-20 00:12:07	1434759127	626950206	42.6547288	-90.80591928	-1	2694.65895053
 2015-06-20 01:31:16	1434763876	381017489	41.72382867	-94.41820338	-1	2397.19723742
 2015-06-19 21:01:46	1434747706	519616394	42.67239057	-93.12979689	-1	2504.68134968
 2015-06-19 19:11:43	1434741103	572881891	42.6459027	-92.0499473	1	2592.91525168
 2015-06-19 23:04:32	1434755072	142422819	42.53094287	-90.64852864	1	2707.63860446
 2015-06-19 23:42:33	1434757353	94483615	42.44382241	-90.59051757	1	2712.51410297
 2015-06-19 22:16:30	1434752190	142422819	42.54194779	-90.65062105	-1	2707.45486897
 2015-06-19 07:47:22	1434700042	142422819	42.535607	-90.66199	-1	2706.53042115
 2015-06-19 17:23:20	1434734600	166197349	42.51386172	-90.79612293	-1	2695.56205422
 2015-06-19 17:03:25	1434733405	19368583	42.48696378	-90.74910139	-1	2699.44673585
 2015-06-19 19:14:41	1434741281	572881891	42.7020278	-92.0806602	1	2590.48038176
 2015-06-19 21:59:39	1434751179	142422819	42.54194779	-90.65062105	1	2707.45486897
 2015-06-20 04:52:27	1434775947	529029466	42.51858622	-90.67484287	1	2705.49653923
 2015-06-19 10:28:52	1434709732	1191915890	42.5014411	-90.6926401	1	2704.05817878
 2015-06-20 00:44:05	1434761045	94483615	42.49200921	-90.66505367	-1	2706.33153162
 2015-06-19 22:28:33	1434752913	142422819	42.54194779	-90.65062105	1	2707.45486897
 2015-06-20 00:42:21	1434760941	36207020	42.4585342	-90.6647339	-1	2706.40331404
 2015-06-19 07:33:27	1434699207	142422819	42.532632	-90.664018	1	2706.36756677
 2015-06-19 21:10:10	1434748210	15575912	42.53916874	-90.6457901	-1	2707.85370434
 2015-06-19 20:32:12	1434745932	51627680	42.51275443	-90.71106568	-1	2702.53455968
 2015-06-19 16:42:49	1434732169	610967398	42.38111804	-92.53720452	1	2552.7326526
 2015-06-19 22:10:00	1434751800	142422819	42.54194779	-90.65062105	-1	2707.45486897
 2015-06-19 14:30:23	1434724223	320204862	42.47138697	-91.1144208	1	2669.50419467
 2015-06-19 07:47:45	1434700065	142422819	42.535878	-90.661667	-1	2706.55658513
 2015-06-20 01:13:25	1434762805	15033521	42.49118896	-90.72280505	-1	2701.59768053
 2015-06-19 22:36:57	1434753417	142422819	42.54194779	-90.65062105	1	2707.45486897
 2015-06-20 01:19:25	1434763165	142422819	42.535776	-90.662021	1	2706.52769447
 2015-06-20 01:01:18	1434762078	26227716	41.70816161	-94.38989011	1	2399.54814536
 2015-06-19 14:21:21	1434723681	166415779	40.58916563	-95.65839444	-1	2295.73422047
 2015-06-20 00:54:52	1434761692	142422819	42.535725	-90.662051	-1	2706.52529292
 2015-06-19 12:27:54	1434716874	40657194	42.50585453	-90.68056069	1	2705.0430033
 2015-06-20 02:56:14	1434768974	65508834	41.64241696	-94.50137436	1	2390.30215744
 2015-06-19 22:01:48	1434751308	63820495	42.86060924	-93.35328676	1	2487.08815698
 2015-06-20 05:04:25	1434776665	20195709	42.4916	-90.7168	1	2702.08951935
 2015-06-19 20:46:53	1434746813	15575912	42.50339292	-90.66359606	1	2706.4366194
 2015-06-19 16:32:45	1434731565	40049286	42.49240689	-90.72549431	-1	2701.375716
 2015-06-20 05:24:26	1434777866	529029466	42.51838138	-90.67537964	-1	2705.45278757
 2015-06-19 20:14:05	1434744845	15575912	42.49170729	-90.71311168	-1	2702.39178367
 2015-06-19 22:21:27	1434752487	142422819	42.54194779	-90.65062105	1	2707.45486897
 2015-06-20 04:07:53	1434773273	572881891	42.6459027	-92.0499473	1	2592.91525168
 2015-06-19 23:25:34	1434756334	20195709	42.495	-90.6645	1	2706.37308709
 2015-06-20 05:03:58	1434776638	20195709	42.4916	-90.7168	-1	2702.08951935
 2015-06-19 20:16:54	1434745014	862399218	43.18754146	-93.0041744	1	2516.92338444
 2015-06-20 01:52:25	1434765145	17504576	43.0383	-92.6437	1	2545.50109631
 2015-06-19 22:11:30	1434751890	142422819	42.529242	-90.657663	1	2706.89209635
 2015-06-19 20:15:38	1434744938	8426892	41.674656	-93.016446	1	2513.6189908
 2015-06-20 01:51:25	1434765085	64544702	41.6773796	-93.0166092	-1	2513.60001466
 2015-06-19 14:33:32	1434724412	140811638	42.360336	-90.538978	1	2716.89580397
 2015-06-19 22:49:10	1434754150	8426892	41.674255	-93.013001	1	2513.90587253
 2015-06-20 04:39:08	1434775148	223167280	41.5279562	-93.1096549	1	2506.20528927
 2015-06-19 21:25:36	1434749136	214355512	41.6773796	-93.0166092	1	2513.60001466
 2015-06-19 19:48:02	1434743282	8426892	41.672407	-93.0145	1	2513.78510038
 2015-06-20 02:16:48	1434766608	2340909187	41.11847472	-91.53980628	1	2638.9992113
 2015-06-19 15:01:09	1434726069	58682595	41.00644288	-91.97906653	-1	2602.92779553
 2015-06-19 15:52:29	1434729149	452514724	42.116093	-90.799957	1	2695.99546195
 2015-06-20 01:08:56	1434762536	220115749	41.59417167	-95.72225333	1	2288.79618421
 2015-06-19 14:18:53	1434723533	15766451	41.6773796	-93.0166092	1	2513.60001466
 2015-06-19 18:12:16	1434737536	58682595	41.008139	-91.963841	-1	2604.19276038
 2015-06-20 00:48:05	1434761285	548934821	41.7331493	-92.24034014	1	2577.89820009
 2015-06-19 15:40:01	1434728401	214355512	41.6773796	-93.0166092	1	2513.60001466
 2015-06-19 18:58:07	1434740287	330628831	43.11054739	-93.59675128	1	2468.4975381
 2015-06-19 22:22:06	1434752526	58682595	41.67395709	-93.01419213	1	2513.80755536
 2015-06-19 17:51:44	1434736304	548772799	41.58080989	-95.93787884	1	2270.84860088
 2015-06-20 02:35:15	1434767715	112203217	41.1248305	-91.4378063	1	2647.4898166
 2015-06-20 03:17:57	1434770277	26395484	41.67395709	-93.01419213	-1	2513.80755536
 2015-06-19 21:43:56	1434750236	49553664	43.24468996	-93.63501491	1	2466.19050686
 2015-06-19 19:51:15	1434743475	360266398	41.67363602	-93.0115015	1	2514.03163665
 2015-06-19 19:07:57	1434740877	408851040	41.6773796	-93.0166092	1	2513.60001466
 2015-06-20 02:52:37	1434768757	387451779	42.50069757	-93.56834985	1	2468.32265952
 2015-06-20 03:35:24	1434771324	594713441	42.45595191	-93.86016791	1	2444.27649133
 2015-06-19 15:52:09	1434729129	2587789764	41.7033177	-93.0573533	-1	2510.16805912
 2015-06-20 02:40:09	1434768009	112203217	41.1187977	-91.4781696	-1	2644.15222978
 2015-06-19 21:47:09	1434750429	8426892	41.674001	-93.01361	1	2513.85580886
 2015-06-20 02:07:14	1434766034	546447614	42.23702297	-90.78533387	1	2696.89965779
 2015-06-20 00:38:12	1434760692	58682595	41.6773796	-93.0166092	-1	2513.60001466
 2015-06-20 00:32:33	1434760353	2916920089	41.659729	-91.5322571	1	2636.90223587
 2015-06-20 03:27:42	1434770862	300559486	41.65638667	-91.52848	1	2637.2287276
 2015-06-19 15:03:39	1434726219	2458924268	42.08717511	-91.35654742	1	2650.15806994
 2015-06-20 01:02:34	1434762154	374315040	41.7502	-91.5993	1	2631.01309288
 2015-06-19 07:08:37	1434697717	425873973	41.4579246	-92.2396893	-1	2578.86014475
 2015-06-20 03:58:02	1434772682	1952028578	43.0686	-94.2375	1	2416.29140128
 2015-06-19 16:42:15	1434732135	383823669	43.07805517	-94.20888827	1	2418.67140897
 2015-06-20 00:17:37	1434759457	374315040	41.7502	-91.5993	1	2631.01309288
 2015-06-20 02:30:12	1434767412	130348325	41.68223202	-91.56385831	-1	2634.19391287
 2015-06-20 02:37:16	1434767836	1668651247	41.66508043	-91.52646738	1	2637.36236064
 2015-06-19 17:44:56	1434735896	442996868	42.1101076	-91.2821812	1	2656.24269239
 2015-06-20 03:39:06	1434771546	25327635	41.66068337	-91.532016	1	2636.91858272
 2015-06-19 19:36:20	1434742580	145066928	41.65931876	-91.53559685	1	2636.62653154
 2015-06-19 23:54:50	1434758090	1533050954	41.5543667	-91.53562811	1	2637.05183614
 2015-06-19 06:58:14	1434697094	425873973	41.4579792	-92.2394654	-1	2578.87857752
 2015-06-19 22:11:21	1434751881	605976539	41.67362793	-91.5650849	-1	2634.12418898
 2015-06-20 02:29:30	1434767370	76836782	41.6567373	-91.5107816	-1	2638.69682994
 2015-06-20 02:46:36	1434768396	120129793	41.7749748	-91.559906	1	2634.19633936
 2015-06-20 05:00:27	1434776427	23412279	41.6608887	-91.5325012	1	2636.87751069
 2015-06-19 19:11:36	1434741096	25729884	41.65896402	-91.53253934	1	2636.88174745
 2015-06-20 00:17:08	1434759428	19738992	41.66314101	-91.53157473	1	2636.94578394
 2015-06-20 01:39:30	1434764370	1098473550	43.07978867	-94.21161113	1	2418.46158982
 2015-06-19 23:38:22	1434757102	374315040	41.7502	-91.5993	1	2631.01309288
 2015-06-20 00:29:07	1434760147	374315040	41.7502	-91.5993	1	2631.01309288
 2015-06-20 02:04:24	1434765864	551464219	41.65932108	-91.53308949	-1	2636.83469653
 2015-06-20 02:25:16	1434767116	72464809	41.75142687	-91.5935248	1	2631.487831
 2015-06-19 20:42:25	1434746545	226364745	41.6871	-91.6035	1	2630.88588182
 2015-06-20 01:46:25	1434764785	270592732	41.72710826	-91.53215039	1	2636.66185022
 2015-06-20 00:33:41	1434760421	130852019	41.6010099	-91.5018672	1	2639.66095862
 2015-06-19 22:07:11	1434751631	117460261	41.657	-91.5537	1	2635.13238876
 2015-06-20 03:09:51	1434769791	2492236399	41.69646845	-91.60658456	1	2630.5959813
 2015-06-20 00:00:26	1434758426	14348710	41.68582775	-91.60250977	-1	2630.97270502
 2015-06-20 04:31:36	1434774696	22092096	41.6563	-91.5305	1	2637.0613451
 2015-06-20 04:30:42	1434774642	22092096	41.6563	-91.5305	1	2637.0613451
 2015-06-19 21:57:37	1434751057	41903872	43.0264	-94.1667	-1	2421.77569347
 2015-06-19 07:47:39	1434700059	33048014	40.6288801	-91.3271238	1	2660.46953188
 2015-06-20 02:50:37	1434768637	23412279	41.6608887	-91.5325012	1	2636.87751069
 2015-06-20 03:01:50	1434769310	49766282	41.64878872	-91.51050304	-1	2638.75098903
 2015-06-20 00:41:20	1434760880	191155866	41.66121526	-91.53487333	1	2636.67931509
 2015-06-20 01:01:51	1434762111	1566261457	41.62838391	-91.57144789	-1	2633.76974583
 2015-06-20 02:57:10	1434769030	1206581922	41.6591	-91.5339	1	2636.76825457
 2015-06-20 02:49:11	1434768551	1952028578	43.0686	-94.2375	1	2416.29140128
 2015-06-20 04:29:15	1434774555	22092096	41.66	-91.5325	1	2636.88102671
 2015-06-20 01:39:34	1434764374	1533050954	41.6124595	-91.5958165	-1	2631.80846728
 2015-06-20 01:06:18	1434762378	19251352	41.829019	-91.402109	1	2647.09320005
 2015-06-19 19:31:44	1434742304	226364745	41.6678	-91.5686	-1	2633.85429525
 2015-06-19 22:34:43	1434753283	21268153	41.637606	-91.503552	1	2639.37239986
 2015-06-20 00:52:04	1434761524	15693440	41.66383941	-91.53053284	1	2637.02960517
 2015-06-19 21:22:45	1434748965	33048014	40.6288799	-91.327151	1	2660.46724503
 2015-06-20 00:48:58	1434761338	374315040	41.7502	-91.5993	-1	2631.01309288
 2015-06-20 02:57:40	1434769060	461435367	41.64982318	-91.49191561	1	2640.29034708
 2015-06-20 04:34:40	1434774880	2266016122	41.66612076	-91.54284215	1	2635.99899081
 2015-06-19 23:56:25	1434758185	2458924268	42.08717032	-91.35665859	-1	2650.14890831
 2015-06-20 01:57:22	1434765442	605976539	41.7508	-91.6131	1	2629.86679128
 2015-06-20 03:38:34	1434771514	3185579662	41.1771833	-92.2527107	-1	2579.05072211
 2015-06-20 01:06:30	1434762390	1566261457	41.62838391	-91.57144789	1	2633.76974583
 2015-06-19 15:02:45	1434726165	411638861	43.07805534	-94.20833046	1	2418.7166418
 2015-06-19 20:42:55	1434746575	2753060245	41.6594126	-91.54775903	1	2635.61640259
 2015-06-19 20:09:12	1434744552	280585331	41.65713847	-91.53855801	1	2636.38906794
 2015-06-19 23:42:53	1434757373	72464809	41.75142687	-91.5935248	-1	2631.487831
 2015-06-20 01:35:59	1434764159	24102312	42.04406614	-96.16865158	-1	2252.95166523
 2015-06-19 22:18:38	1434752318	1959698160	41.03495665	-92.80870136	1	2533.25614927
 2015-06-20 00:03:27	1434758607	366757163	42.01251399	-95.75981301	1	2286.58755268
 2015-06-19 13:51:52	1434721912	37144688	41.29710418	-91.69361747	1	2625.1229981
 2015-06-19 18:01:05	1434736865	741434234	43.31244839	-91.8058531	1	2614.45332409
 2015-06-19 16:23:18	1434730998	2591658649	43.2625	-93.6369	1	2466.15010605
 2015-06-19 21:55:55	1434750955	15410882	41.29209242	-91.53594017	-1	2638.30748423
 2015-06-19 13:40:07	1434721207	37144688	41.29963723	-91.69395447	-1	2625.08155311
 2015-06-19 19:00:11	1434740411	16450975	43.316571	-91.800873	1	2614.87188638
 2015-06-19 19:29:22	1434742162	91261117	41.50010436	-91.52822803	1	2637.90788705
 2015-06-20 03:02:29	1434769349	570386246	41.45907645	-91.71340987	1	2622.68023336
 2015-06-20 05:24:44	1434777884	744064142	42.48485153	-94.20793392	-1	2415.85413507
 2015-06-19 16:55:02	1434732902	195582688	43.45768117	-91.8657031	1	2610.23245437
 2015-06-21 02:11:55	1434852715	24090346	40.82233416	-92.89852175	1	2526.92084008
 2015-06-20 14:05:18	1434809118	2784983023	41.8366195	-90.8366953	1	2693.88661489
 2015-06-20 14:18:23	1434809903	395102879	41.599215	-93.866639	1	2443.09723833
 2015-06-21 04:51:48	1434862308	78753459	41.83344042	-90.22457487	-1	2744.57564586
 2015-06-21 02:28:43	1434853723	469020591	41.83466423	-90.54892258	1	2717.71970393
 2015-06-20 16:41:32	1434818492	102877036	41.84384834	-90.18829841	1	2747.53015378
 2015-06-20 19:48:03	1434829683	634953863	41.83	-90.76	-1	2700.2629855
 2015-06-20 20:55:39	1434833739	863647610	41.8737679	-90.2217844	-1	2744.62334682
 2015-06-20 17:58:29	1434823109	394284109	41.84384834	-90.18829841	-1	2747.53015378
 2015-06-20 19:11:22	1434827482	235569635	41.84286932	-90.18455474	1	2747.84453165
 2015-06-20 16:59:54	1434819594	394284109	41.84384834	-90.18829841	1	2747.53015378
 2015-06-20 21:18:50	1434835130	320204862	42.46405901	-91.47793485	1	2639.69209887
 2015-06-20 15:34:46	1434814486	25161515	40.8106117	-91.1053085	1	2677.60128888
 2015-06-20 18:53:04	1434826384	711964677	42.47882581	-91.45502429	-1	2641.56606577
 2015-06-21 04:32:25	1434861145	71215404	40.97965998	-91.17013583	-1	2670.87579311
 2015-06-20 20:04:03	1434830643	333722755	40.80985806	-91.09953196	1	2678.09223137
 2015-06-20 22:13:34	1434838414	744504096	40.57652548	-93.93574425	-1	2441.11552253
 2015-06-21 00:49:32	1434847772	2341275302	40.8474069	-91.3282165	1	2658.60484374
 2015-06-21 01:01:25	1434848485	71215404	40.8125378	-91.09820833	-1	2678.18181665
 2015-06-20 19:31:34	1434828694	315864140	40.80985806	-91.09953196	1	2678.09223137
 2015-06-20 21:47:46	1434836866	378346674	42.47084514	-91.23487335	1	2659.62535865
 2015-06-20 19:37:49	1434829069	53687092	41.6166325	-95.9839827	1	2267.06523057
 2015-06-21 02:02:20	1434852140	495405559	40.98722412	-91.71706522	1	2625.00273203
 2015-06-21 04:34:53	1434861293	392912983	41.63864117	-95.78297837	1	2283.80219734
 2015-06-21 01:13:24	1434849204	2885749179	42.49755645	-93.04610984	1	2511.12141653
 2015-06-21 03:34:16	1434857656	18354027	43.4737707	-92.3303664	-1	2572.84965125
 2015-06-21 02:58:44	1434855524	1075552272	42.553234	-93.057091	1	2510.33390962
 2015-06-21 00:22:22	1434846142	2341275302	40.9864087	-91.5243815	-1	2641.15189841
 2015-06-21 03:04:34	1434855874	914637278	42.44805333	-93.24758833	-1	2494.50505887
 2015-06-21 00:43:07	1434847387	2341275302	40.9057017	-91.3976485	-1	2652.34477207
 2015-06-21 05:32:15	1434864735	349491030	42.46122833	-93.80725833	1	2448.63029663
 2015-06-20 12:59:38	1434805178	22043617	42.46972526	-93.57119252	-1	2468.01086612
 2015-06-21 02:57:59	1434855479	1107476935	42.4695206	-93.820488	1	2447.56857139
 2015-06-20 20:55:08	1434833708	2341275302	41.6887908	-92.2830284	-1	2574.47778696
 2015-06-21 00:23:44	1434846224	844717117	41.00349	-91.96539	-1	2604.09210347
 2015-06-20 06:05:55	1434780355	2500692846	40.99436563	-91.95504824	1	2605.0160741
 2015-06-20 23:14:40	1434842080	1007848010	41.6117001	-92.0070793	-1	2597.64004835
 2015-06-20 16:43:15	1434818595	77791828	41.6773796	-93.0166092	1	2513.60001466
 2015-06-20 20:34:28	1434832468	2341275302	41.6962747	-92.253695	-1	2576.8914674
 2015-06-20 18:43:08	1434825788	3308908913	41.673775	-93.014694	1	2513.76624368
 2015-06-21 02:00:19	1434852019	18394758	41.70016635	-93.1025926	-1	2506.41842663
 2015-06-20 16:40:39	1434818439	280585331	41.79983602	-91.87124497	1	2608.31704379
 2015-06-20 20:43:46	1434833026	2341275302	41.6888114	-92.2830218	1	2574.47827664
 2015-06-20 18:09:01	1434823741	14528249	41.68082041	-92.96114	-1	2518.19902266
 2015-06-20 19:27:50	1434828470	90811770	41.0090904	-91.9644165	1	2604.13859986
 2015-06-20 21:02:59	1434834179	400563288	41.68556945	-91.91180839	1	2605.30168264
 2015-06-20 09:52:19	1434793939	844717117	41.00579453	-91.95830536	-1	2604.67120497
 2015-06-20 18:33:18	1434825198	3308908913	41.674448	-93.014512	1	2513.78000954
 2015-06-20 22:55:11	1434840911	75160860	41.6583876	-91.5331129	1	2636.83634732
 2015-06-21 01:51:22	1434851482	225238391	42.10140889	-91.28709538	-1	2655.85637705
 2015-06-20 23:29:22	1434842962	405269971	41.72710826	-91.53215039	-1	2636.66185022
 2015-06-21 00:06:38	1434845198	370272864	41.6811905	-91.5587769	-1	2634.61953853
 2015-06-20 22:05:26	1434837926	30576209	41.66189956	-91.52571232	-1	2637.437255
 2015-06-20 23:56:18	1434844578	967004425	41.6819	-91.5632	1	2634.24978464
 2015-06-21 02:04:55	1434852295	123020126	41.6693535	-91.5661774	1	2634.04955549
 2015-06-20 23:48:16	1434844096	967004425	41.6819	-91.5632	1	2634.24978464
 2015-06-20 22:31:42	1434839502	300200503	41.66672167	-91.56323333	1	2634.3038893
 2015-06-21 05:44:01	1434865441	3142794504	42.2437103	-91.1913702	1	2663.46642225
 2015-06-21 00:42:48	1434847368	467114251	41.64249185	-91.50677919	1	2639.08501329
 2015-06-21 03:27:56	1434857276	3028235671	41.67959017	-91.58389731	1	2632.54044624
 2015-06-21 02:36:14	1434854174	370272864	41.6811905	-91.5587769	-1	2634.61953853
 2015-06-20 18:07:31	1434823651	33048014	40.6288669	-91.3270847	1	2660.47293507
 2015-06-20 22:55:38	1434840938	75160860	41.6583876	-91.5331129	1	2636.83634732
 2015-06-21 01:57:15	1434851835	1533050954	41.69646845	-91.60658456	1	2630.5959813
 2015-06-21 00:26:09	1434846369	68297021	41.65817452	-91.52808113	1	2637.25493795
 2015-06-21 04:55:27	1434862527	212835988	41.6607819	-91.5327988	1	2636.85321332
 2015-06-21 01:27:14	1434850034	967004425	41.7035	-91.5868	-1	2632.21241449
 2015-06-21 02:54:19	1434855259	389238548	41.65739119	-91.53061054	1	2637.04795256
 2015-06-21 03:46:09	1434858369	967004425	41.7145	-91.5932	1	2631.64223754
 2015-06-20 17:44:20	1434822260	126974423	40.5200941	-91.4148101	1	2654.04206509
 2015-06-21 01:40:23	1434850823	484792245	41.6595711	-91.53760688	1	2636.45867871
 2015-06-21 00:40:39	1434847239	603043054	41.65950925	-91.54724785	-1	2635.65847324
 2015-06-20 23:34:40	1434843280	112203217	40.5388914	-91.4742094	-1	2648.87060959
 2015-06-21 02:09:13	1434852553	34993490	42.1154366	-91.3547592	1	2650.24574984
 2015-06-21 03:49:59	1434858599	1026709734	41.68787813	-91.56582846	1	2634.00952238
 2015-06-21 05:27:03	1434864423	16307481	41.74774775	-91.64976014	-1	2626.83705749
 2015-06-21 03:21:39	1434856899	2161211426	41.68421147	-91.60217078	1	2631.006745
 2015-06-20 23:40:36	1434843636	264633730	41.6687584	-91.5666199	1	2634.01506286
 2015-06-20 23:07:58	1434841678	21877346	41.6815702	-91.5589468	-1	2634.60402407
 2015-06-21 02:54:41	1434855281	126974423	40.519995	-91.4147705	1	2654.04629092
 2015-06-20 16:34:38	1434818078	126974423	40.3984529	-91.3842815	-1	2657.74171705
 2015-06-20 17:50:36	1434822636	18094971	42.0275307	-91.6335602	-1	2627.41979948
 2015-06-20 19:30:41	1434828641	112271455	42.0261194	-91.62684805	-1	2627.9770893
 2015-06-20 18:01:28	1434823288	628883841	41.98599034	-91.72021343	-1	2620.35016009
 2015-06-20 16:36:26	1434818186	634953863	42.06	-91.78	-1	2615.26622196
 2015-06-20 20:08:19	1434830899	56269051	41.9653	-91.6605	1	2625.33211644
 2015-06-21 00:22:06	1434846126	291452491	41.97830653	-91.66354497	1	2625.05038936
 2015-06-20 18:24:28	1434824668	1567274587	41.98511836	-91.56386188	-1	2633.27231488
 2015-06-20 18:14:00	1434824040	422815148	41.9786553	-91.6521865	1	2625.98830603
 2015-06-21 03:33:47	1434857627	34993490	41.9798508	-91.6673203	1	2624.73486995
 2015-06-20 21:05:36	1434834336	2170757413	41.92054703	-91.65625543	1	2625.79243084
 2015-06-20 23:58:31	1434844711	170813661	42.04711854	-91.64990916	-1	2626.02978758
 2015-06-20 17:57:18	1434823038	551323471	42.0224	-91.6954	1	2622.32325379
 2015-06-20 17:22:59	1434820979	14521494	42.0305	-91.6687	1	2624.51174032
 2015-06-20 20:45:05	1434833105	15699106	41.88879641	-91.70069218	1	2622.19813252
 2015-06-20 16:10:13	1434816613	14749988	41.88879641	-91.70069218	-1	2622.19813252
 2015-06-20 18:57:07	1434826627	35493552	42.029127	-91.656015	1	2625.56210027
 2015-06-20 19:03:04	1434826984	396527161	41.96434897	-91.5063405	1	2638.07721503
 2015-06-21 01:43:20	1434851000	17144669	41.92276073	-91.41777733	1	2645.51135414
 2015-06-21 00:21:54	1434846114	290395940	42.2816523	-91.7773136	1	2615.20394096
 2015-06-20 21:24:36	1434835476	21099460	42.03896584	-91.59530173	1	2630.55505683
 2015-06-20 20:20:36	1434831636	768534602	41.86801144	-91.6685105	1	2624.91779197
 2015-06-20 16:37:33	1434818253	799278384	42.0884892	-91.481323	1	2639.86069333
 2015-06-20 22:34:42	1434839682	415150106	41.98457844	-91.70622309	-1	2621.50936915
 2015-06-21 00:27:26	1434846446	1257979519	41.95851176	-91.71017853	1	2621.24121446
 2015-06-20 19:53:27	1434830007	378301080	41.97014802	-91.65820599	1	2625.5104287
 2015-06-20 15:48:05	1434815285	551323471	42.0224	-91.6954	-1	2622.32325379
 2015-06-20 21:05:04	1434834304	49638254	42.07456	-91.749905	1	2617.72454484
 2015-06-21 01:19:25	1434849565	414992489	42.20744832	-91.52882535	1	2635.73977013
 2015-06-21 04:45:21	1434861921	232396627	41.93853014	-91.74357444	1	2618.52660023
 2015-06-21 04:16:55	1434860215	627853041	41.2610371	-91.3779973	1	2651.66393158
 2015-06-20 18:45:19	1434825919	190215650	41.02957215	-93.33594107	1	2489.10189061
 2015-06-21 00:39:02	1434847142	17144669	41.92276073	-91.41777733	1	2645.51135414
 2015-06-21 01:46:58	1434851218	533469542	42.02517159	-91.62130075	1	2628.4372245
 2015-06-20 21:37:03	1434836223	971388799	41.9859505	-91.6466827	1	2626.42650865
 2015-06-21 04:30:21	1434861021	178394704	41.9324139	-91.76850483	1	2616.47929316
 2015-06-20 23:36:28	1434843388	2951395220	41.01856846	-93.30815805	1	2491.48205862
 2015-06-20 19:33:32	1434828812	182014888	41.18240691	-91.19190876	1	2667.68048747
 2015-06-20 18:02:25	1434823345	19034094	41.97324913	-91.65101296	1	2626.09775696
 2015-06-20 22:38:41	1434839921	2170757413	41.92054703	-91.65625543	1	2625.79243084
 2015-06-21 01:37:47	1434850667	34484697	41.98925134	-91.61262691	-1	2629.23310213
 2015-06-20 20:31:11	1434832271	127626982	41.97323448	-91.66987795	1	2624.53858248
 2015-06-21 05:03:10	1434862990	178394704	41.93249196	-91.76866812	-1	2616.46560478
 2015-06-20 18:24:16	1434824656	1705260222	41.99108323	-91.6606236	1	2625.26301306
 2015-06-20 19:58:10	1434830290	44490799	40.90336703	-93.04828157	1	2513.87248533
 2015-06-21 00:37:14	1434847034	20565336	42.14010728	-95.89645679	-1	2275.78746443
 2015-06-20 18:57:34	1434826654	124587161	40.905945	-92.840498	-1	2531.29763491
 2015-06-20 17:50:02	1434822602	380981526	42.49251796	-94.19213238	-1	2417.17559551
 2015-06-20 13:56:23	1434808583	2571041305	43.172287	-91.868725	1	2608.86136734
 2015-06-20 18:51:23	1434826283	703476702	42.50117233	-94.16232912	1	2419.64773747
 2015-06-20 18:48:44	1434826124	2563901352	43.30824369	-91.7971707	1	2615.1392923
 2015-06-20 17:55:09	1434822909	50760066	43.3062575	-91.8005091	1	2614.86174753
 2015-06-20 19:55:03	1434830103	388604541	43.31268072	-91.80531979	1	2614.49734133
 2015-06-20 18:11:26	1434823886	1923923406	42.501	-94.1578	1	2420.01826207
 2015-06-20 18:05:22	1434823522	1923923406	42.501	-94.1578	1	2420.01826207
 2015-06-20 22:20:00	1434838800	388604541	43.31266791	-91.80537389	1	2614.49291754
 2015-06-20 20:42:23	1434832943	50760066	43.3035799	-91.7981146	1	2615.0452035
 2015-06-20 13:39:08	1434807548	29892110	42.49111887	-94.20108738	-1	2416.43687482
 2015-06-20 20:09:49	1434830989	743058187	42.50578881	-94.14816164	1	2420.82452757
 2015-06-20 15:14:46	1434813286	1209971280	43.30559461	-91.80240177	-1	2614.7061614
 2015-06-20 13:47:22	1434808042	405957806	43.31266791	-91.80537389	1	2614.49291754
 2015-06-21 19:26:23	1434914783	55388964	40.78517318	-92.94594216	-1	2523.16415002
 2015-06-22 00:02:29	1434931349	520941744	40.82233416	-92.89852175	1	2526.92084008
 2015-06-22 04:02:27	1434945747	2803940430	42.6807817	-91.5346956	1	2635.07692432
 2015-06-21 20:38:54	1434919134	391667456	43.11297941	-93.43546961	-1	2481.58709647
 2015-06-21 16:01:45	1434902505	500889922	42.53797273	-94.5355683	1	2389.21679768
 2015-06-21 20:08:48	1434917328	1007882156	42.95328207	-94.93101404	-1	2359.24407046
 2015-06-21 23:06:25	1434927985	1883230466	43.15993464	-93.18274363	1	2502.31722718
 2015-06-21 16:57:54	1434905874	1267385761	43.15088687	-93.17507791	-1	2502.89187387
 2015-06-21 22:14:44	1434924884	2803940430	42.6807811	-91.5344893	1	2635.09378741
 2015-06-21 17:38:56	1434908336	3027047632	41.89315199	-91.15511814	1	2667.3293753
 2015-06-21 13:41:30	1434894090	92329670	43.13665833	-93.41318667	1	2483.52037696
 2015-06-21 14:30:20	1434897020	21989734	43.04565859	-92.463556	-1	2560.16002813
 2015-06-21 18:00:59	1434909659	332213612	41.65464892	-91.18943087	-1	2665.38504293
 2015-06-21 17:18:38	1434907118	381882244	43.08014038	-95.21067414	1	2337.48980273
 2015-06-21 22:27:18	1434925638	377411517	43.1695312	-93.1820317	-1	2502.42470095
 2015-06-22 02:10:45	1434939045	559026154	43.14499372	-93.18020982	1	2502.44590228
 2015-06-21 18:06:35	1434909995	799278384	43.0062892	-91.3240407	1	2652.65501069
 2015-06-21 16:58:20	1434905900	261358570	43.1377945	-93.3792648	1	2486.27571916
 2015-06-21 14:41:06	1434897666	239141058	41.88713657	-91.05259861	-1	2675.83186293
 2015-06-21 19:33:25	1434915205	174439515	43.122738	-93.385271	1	2485.70870377
 2015-06-21 13:37:22	1434893842	21989734	43.14046422	-93.39048844	-1	2485.3804503
 2015-06-21 20:10:17	1434917417	526850188	42.9533244	-92.542829	1	2553.39903951
 2015-06-22 04:00:42	1434945642	336047458	41.0412843	-93.9498146	1	2437.60144968
 2015-06-21 21:22:53	1434921773	24162623	43.11284175	-93.456158	1	2479.90895434
 2015-06-21 20:47:37	1434919657	259302259	43.15495375	-95.1761484	-1	2340.88692023
 2015-06-22 02:53:27	1434941607	375741150	42.0622208	-94.85288	-1	2361.60084409
 2015-06-21 21:06:06	1434920766	2353614254	43.14558529	-93.39578845	-1	2484.97860916
 2015-06-22 00:39:11	1434933551	467148121	41.88573289	-91.05652626	1	2675.51168402
 2015-06-21 13:54:39	1434894879	21989734	43.11916474	-93.06567329	-1	2511.6032638
 2015-06-22 02:47:57	1434941277	326999347	43.13261426	-93.4401398	1	2481.31398877
 2015-06-21 22:12:21	1434924741	2803940430	42.6807817	-91.5346711	-1	2635.07892701
 2015-06-21 14:34:46	1434897286	434615753	42.0695	-94.8664	1	2360.50165661
 2015-06-21 16:31:15	1434904275	21989734	42.86988179	-91.23709342	-1	2659.53354796
 2015-06-21 22:05:36	1434924336	37748752	43.1398888	-93.3894119	1	2485.46459783
 2015-06-22 00:25:06	1434932706	1573512481	42.95952982	-92.19796174	-1	2581.4728443
 2015-06-21 21:15:43	1434921343	21989734	42.86988179	-91.23709342	1	2659.53354796
 2015-06-21 21:40:05	1434922805	37748752	43.220331	-93.374349	1	2487.13157968
 2015-06-21 22:31:36	1434925896	393807094	43.1381	-93.3792	1	2486.28260726
 2015-06-21 23:13:24	1434928404	290395940	42.48429102	-91.44484676	-1	2642.3989074
 2015-06-22 03:35:37	1434944137	396111925	40.8125378	-91.09820833	1	2678.18181665
 2015-06-21 23:16:11	1434928571	2747711383	40.8123	-91.1025	-1	2677.82348686
 2015-06-21 11:24:38	1434885878	2418867870	40.82162444	-91.1395415	1	2674.63995867
 2015-06-21 23:15:46	1434928546	2747711383	40.8114	-91.0997	1	2678.06574048
 2015-06-21 21:41:23	1434922883	25030583	40.80985631	-91.09952668	1	2678.09268864
 2015-06-22 03:59:29	1434945569	25030583	40.81021023	-91.1032225	1	2677.77961334
 2015-06-21 23:16:07	1434928567	2747711383	40.8105	-91.0996	-1	2678.0813624
 2015-06-21 23:15:50	1434928550	2747711383	40.812	-91.1021	1	2677.85946948
 2015-06-21 18:05:19	1434909919	25161515	40.8106117	-91.1053085	-1	2677.60128888
 2015-06-21 17:18:24	1434907104	726179964	41.69607308	-92.18521672	1	2582.57572222
 2015-06-22 02:13:10	1434939190	1668957726	41.71648914	-92.90510901	1	2522.77926967
 2015-06-21 15:37:25	1434901045	524380120	42.71468642	-94.21782112	1	2415.96568065
 2015-06-22 00:15:45	1434932145	534963757	42.50840492	-95.41456693	1	2317.10755615
 2015-06-21 20:59:04	1434920344	240394290	41.5203	-93.1043	1	2506.6707901
 2015-06-22 00:57:28	1434934648	111134047	42.116093	-90.799957	1	2695.99546195
 2015-06-21 15:49:12	1434901752	202321264	41.7202	-92.817925	-1	2530.00690765
 2015-06-22 02:34:53	1434940493	586114176	41.66725833	-92.02339167	1	2596.09801988
 2015-06-22 00:58:34	1434934714	111134047	42.116093	-90.799957	1	2695.99546195
 2015-06-21 20:03:05	1434916985	799170949	42.50431333	-95.41788667	1	2316.8140416
 2015-06-21 23:45:15	1434930315	415171374	41.027873	-91.960124	1	2604.38154066
 2015-06-21 19:46:42	1434916002	21502760	41.794862	-92.064594	1	2592.3073611
 2015-06-21 22:05:38	1434924338	240394290	41.5263	-93.0975	1	2507.2211272
 2015-06-21 16:22:48	1434903768	844717117	41.00578403	-91.95829391	1	2604.67223007
 2015-06-21 17:33:52	1434908032	21268153	41.637685	-91.503483	1	2639.37781595
 2015-06-22 01:55:39	1434938139	324398659	42.1108445	-91.28636167	-1	2655.89631405
 2015-06-21 23:23:06	1434928986	417461971	41.6411	-91.5304	1	2637.12890575
 2015-06-21 22:34:07	1434926047	18004020	41.6579509	-91.5338651	1	2636.77557747
 2015-06-22 00:55:35	1434934535	111134047	41.75009599	-91.61465087	1	2629.74055233
 2015-06-21 20:24:17	1434918257	446854495	41.63313002	-91.51553317	1	2638.39515651
 2015-06-22 00:54:11	1434934451	111134047	41.75009599	-91.61465087	1	2629.74055233
 2015-06-22 01:26:06	1434936366	565004441	41.64900173	-91.52832422	-1	2637.27034008
 2015-06-21 17:57:45	1434909465	514838840	41.6818	-91.56	1	2634.51575437
 2015-06-21 22:32:11	1434925931	417461971	41.6465	-91.5108	-1	2638.73531636
 2015-06-22 00:17:48	1434932268	419023809	41.719616	-91.553579	-1	2634.91098088
 2015-06-22 04:41:53	1434948113	3163023762	41.66539895	-91.53043443	1	2637.03180482
 2015-06-21 22:10:45	1434924645	417461971	41.6426	-91.5187	1	2638.09463283
 2015-06-21 23:34:05	1434929645	160445634	41.659729	-91.5322571	1	2636.90223587
 2015-06-21 18:48:03	1434912483	3053543825	41.65752359	-91.53784162	1	2636.44706487
 2015-06-22 01:59:20	1434938360	324149281	41.654725	-91.466805	1	2642.35599814
 2015-06-22 01:52:20	1434937940	112203217	40.5388899	-91.4742126	-1	2648.87035328
 2015-06-22 03:07:57	1434942477	227476711	41.6512604	-91.5024033	1	2639.41386162
 2015-06-21 18:26:05	1434911165	1855495219	41.72321738	-91.790859	-1	2615.21497921
 2015-06-22 00:26:37	1434932797	417461971	41.64	-91.5292	1	2637.23289091
 2015-06-21 18:24:20	1434911060	16716036	41.6149597	-91.5143509	-1	2638.56650544
 2015-06-21 21:12:13	1434921133	126974423	40.7266463	-91.5640937	1	2639.7341939
 2015-06-21 20:40:15	1434919215	300991473	41.8313713	-91.6775894	-1	2624.27006683
 2015-06-22 00:49:27	1434934167	111134047	41.75009599	-91.61465087	1	2629.74055233
 2015-06-22 02:11:29	1434939089	300991473	41.8313713	-91.6775894	-1	2624.27006683
 2015-06-22 02:51:09	1434941469	142802718	40.4027971	-91.3842121	1	2657.70619447
 2015-06-21 20:04:28	1434917068	1161841206	41.72372603	-91.72899418	1	2620.34533651
 2015-06-21 21:47:46	1434923266	1947938461	41.68853615	-91.59985397	1	2631.18324868
 2015-06-22 00:35:24	1434933324	605976539	41.7633	-91.6183	1	2629.39416669
 2015-06-21 21:52:25	1434923545	554615420	41.73760751	-91.61396763	1	2629.83940753
 2015-06-21 22:57:18	1434927438	417461971	41.6409	-91.5116	1	2638.69096355
 2015-06-21 06:01:01	1434866461	630481556	40.42334278	-91.50458733	1	2647.35809261
 2015-06-22 05:13:12	1434949992	3163023762	41.6607399	-91.5319519	1	2636.92368723
 2015-06-22 01:37:34	1434937054	34993490	42.1154366	-91.3547592	1	2650.24574984
 2015-06-21 22:10:49	1434924649	405269971	41.647376	-91.507777	1	2638.98289936
 2015-06-21 23:29:35	1434929375	2434117171	41.66042999	-91.50609553	1	2639.07156161
 2015-06-22 00:54:45	1434934485	111134047	41.75009599	-91.61465087	1	2629.74055233
 2015-06-22 02:07:42	1434938862	300991473	41.8313713	-91.6775894	1	2624.27006683
 2015-06-21 19:55:09	1434916509	162847468	41.6257782	-91.5294113	1	2637.27179575
 2015-06-21 17:47:44	1434908864	1566261457	41.6582718	-91.5305023	-1	2637.05354193
 2015-06-21 20:47:42	1434919662	263177413	41.65610113	-91.52813897	1	2637.25814722
 2015-06-21 21:28:31	1434922111	22092096	41.652	-91.5199	1	2637.95815957
 2015-06-21 18:02:22	1434909742	896389758	41.69081156	-91.60054517	-1	2631.11761326
 2015-06-21 21:50:36	1434923436	417461971	41.6418	-91.5042	-1	2639.30193799
 2015-06-22 05:40:06	1434951606	205807766	41.37637606	-92.25754023	1	2577.70664288
 2015-06-21 20:00:28	1434916828	298971213	41.6589655	-91.53448516	1	2636.72018901
 2015-06-21 21:29:15	1434922155	467114251	41.66661314	-91.5590935	1	2634.64797742
 2015-06-21 23:27:43	1434929263	2434117171	41.66043939	-91.50630528	1	2639.05411112
 2015-06-21 21:30:40	1434922240	75160860	41.6583876	-91.5331129	1	2636.83634732
 2015-06-22 05:10:29	1434949829	25327635	41.66226504	-91.52364495	1	2637.60748565
 2015-06-22 00:21:54	1434932514	1027661486	41.6534732	-91.5410207	1	2636.19873268
 2015-06-22 02:40:37	1434940837	112203217	40.5389255	-91.474153	1	2648.87505932
 2015-06-21 23:58:58	1434931138	417461971	41.7106	-91.5956	1	2631.45693354
 2015-06-21 23:22:43	1434928963	75160860	41.6583876	-91.5331129	1	2636.83634732
 2015-06-22 03:21:01	1434943261	112203217	40.5389231	-91.4741533	1	2648.87505525
 2015-06-21 10:37:39	1434883059	1579657213	41.06312883	-95.79635082	1	2282.75327329
 2015-06-21 15:41:38	1434901298	24476658	42.0569169	-92.9063214	1	2522.28762602
 2015-06-21 12:18:50	1434889130	291488262	42.02681731	-92.90829467	-1	2522.13752812
 2015-06-21 15:57:49	1434902269	413451401	41.1271363	-95.8313107	1	2279.73352783
 2015-06-22 02:37:57	1434940677	504947493	41.14328	-95.6949005	1	2291.13634383
 2015-06-21 18:38:44	1434911924	347561991	41.02415039	-92.7981366	1	2534.1979554
 2015-06-21 23:22:51	1434928971	922066602	42.00632137	-92.91446868	1	2521.63853659
 2015-06-22 02:46:44	1434941204	504947493	41.14328	-95.6949005	-1	2291.13634383
 2015-06-22 02:59:45	1434941985	504947493	41.14328	-95.6949005	1	2291.13634383
 2015-06-21 15:51:36	1434901896	24476658	42.0569169	-92.9063214	1	2522.28762602
 2015-06-21 13:24:44	1434893084	406575844	42.02274372	-92.9064198	-1	2522.29445641
 2015-06-21 22:44:27	1434926667	1058069220	41.89816361	-95.92059778	1	2272.9443191
 2015-06-21 21:18:54	1434921534	563102796	41.00665132	-95.58620926	-1	2300.48223824
 2015-06-21 20:39:32	1434919172	823798670	42.043445	-96.162152	1	2253.48554266
 2015-06-21 18:24:07	1434911047	703476702	42.504747	-94.156643	-1	2420.12600497
 2015-06-21 18:08:57	1434910137	1659001	43.3082	-91.7971	-1	2615.14484277
 2015-06-22 01:27:06	1434936426	3021641136	43.29889107	-91.79246698	1	2615.48422321
 2015-06-21 17:48:19	1434908899	1659001	43.3082	-91.7971	1	2615.14484277
 2015-06-21 18:25:58	1434911158	703476702	42.50464156	-94.1567827	-1	2420.11419357
 2015-06-21 17:46:35	1434908795	1659001	43.3082	-91.7971	-1	2615.14484277
 2015-06-21 19:24:01	1434914641	1152665462	41.293805	-91.67849667	-1	2626.40222796
 2015-06-21 19:59:46	1434916786	1965264570	43.30676104	-91.73632257	1	2620.05437772
 2015-06-21 18:31:50	1434911510	345556234	41.4833	-91.7076	-1	2623.05550825
 2015-06-21 18:22:29	1434910949	703476702	42.50346514	-94.15677241	-1	2420.11096788
 2015-06-21 14:00:38	1434895238	380981526	42.48766372	-94.20556044	-1	2416.05834882
 2015-06-21 22:01:00	1434924060	26128341	41.2992	-91.6928	1	2625.18018487
 2015-06-22 18:41:07	1434998467	520941744	40.82233416	-92.89852175	-1	2526.92084008
 2015-06-22 22:52:34	1435013554	520941744	40.82233416	-92.89852175	1	2526.92084008
 2015-06-23 01:09:22	1435021762	338841454	42.50763455	-92.46234432	1	2558.98809408
 2015-06-23 01:44:15	1435023855	17029469	42.5369911	-92.4452133	-1	2560.42681762
 2015-06-22 17:26:02	1434993962	271042315	42.67090514	-92.33718241	1	2569.46543815
 2015-06-23 00:21:15	1435018875	54385484	42.4668	-91.8854	1	2606.26882298
 2015-06-23 03:30:15	1435030215	174983686	42.50421203	-92.44142817	1	2560.69878202
 2015-06-22 20:22:26	1435004546	16847361	42.68751909	-92.39617404	-1	2564.67338161
 2015-06-23 00:16:14	1435018574	16847361	42.70173979	-92.47972906	-1	2557.87360794
 2015-06-23 00:56:41	1435021001	338841454	42.5076398	-92.46235221	1	2558.98745331
 2015-06-22 12:35:49	1434976549	702287778	41.99380486	-93.8872117	-1	2441.25722042
 2015-06-23 01:56:01	1435024561	1675919204	42.51066312	-92.35396376	1	2567.87481588
 2015-06-23 02:45:05	1435027505	28127082	42.42956796	-92.53360832	-1	2553.06485322
 2015-06-22 21:31:27	1435008687	54385484	42.4717	-91.8855	-1	2606.26155842
 2015-06-23 01:41:41	1435023701	16847361	42.68751909	-92.39617404	-1	2564.67338161
 2015-06-22 23:45:09	1435016709	54385484	42.4668	-91.8854	-1	2606.26882298
 2015-06-23 01:04:04	1435021444	338841454	42.50766657	-92.46247826	1	2558.97715167
 2015-06-23 02:04:03	1435025043	868739947	42.52414213	-92.21890351	1	2578.95646087
 2015-06-23 01:52:01	1435024321	338841454	42.5076775	-92.46239839	1	2558.98371077
 2015-06-22 20:22:34	1435004554	849579872	42.06368699	-93.88491427	-1	2441.502073
 2015-06-22 15:50:46	1434988246	47530587	42.73128408	-92.48605907	1	2557.41904587
 2015-06-22 13:18:20	1434979100	849579872	42.06368699	-93.88491427	-1	2441.502073
 2015-06-23 03:56:00	1435031760	37831561	42.758145	-94.99212833	1	2353.02639228
 2015-06-23 02:09:10	1435025350	338841454	42.50783362	-92.46244079	1	2558.98041229
 2015-06-23 03:54:03	1435031643	338841454	42.50764593	-92.46235928	1	2558.98688074
 2015-06-23 02:51:18	1435027878	338841454	42.50784645	-92.4623061	-1	2558.99146696
 2015-06-22 10:19:08	1434968348	470551764	42.37477206	-91.67614456	-1	2623.46047796
 2015-06-22 13:19:30	1434979170	849579872	42.06368699	-93.88491427	-1	2441.502073
 2015-06-22 23:08:05	1435014485	54385484	42.4717	-91.8855	1	2606.26155842
 2015-06-22 20:11:38	1435003898	849579872	42.06368699	-93.88491427	-1	2441.502073
 2015-06-22 13:20:57	1434979257	2727574076	42.45117812	-91.92146886	1	2603.30726753
 2015-06-23 01:13:37	1435022017	338841454	42.50766889	-92.46238761	-1	2558.98458462
 2015-06-22 22:00:10	1435010410	15492286	41.59319085	-93.8042771	-1	2448.29080734
 2015-06-22 14:37:33	1434983853	394284109	41.84384834	-90.18829841	1	2747.53015378
 2015-06-22 18:51:10	1434999070	116364497	41.8261805	-90.5390467	-1	2718.57355399
 2015-06-22 15:33:32	1434987212	116364497	41.8792241	-90.5682425	-1	2715.93642075
 2015-06-22 20:51:53	1435006313	116364497	41.8258783	-90.5362483	-1	2718.8065524
 2015-06-22 12:07:00	1434974820	116364497	41.8792244	-90.568242	1	2715.93646091
 2015-06-22 16:17:40	1434989860	116364497	41.8792239	-90.5682427	1	2715.93640501
 2015-06-22 20:49:04	1435006144	14351834	41.61356335	-93.86879873	-1	2442.89949407
 2015-06-22 15:55:23	1434988523	116364497	41.8792233	-90.5682427	1	2715.93640743
 2015-06-22 18:41:24	1434998484	116364497	41.8424641	-90.5465285	1	2717.88491805
 2015-06-23 02:18:35	1435025915	600263201	41.8158798	-90.2291718	1	2744.27692528
 2015-06-22 18:51:47	1434999107	1115313198	41.84384834	-90.18829841	1	2747.53015378
 2015-06-22 12:00:34	1434974434	116364497	41.879224	-90.5682424	-1	2715.93642943
 2015-06-22 15:36:04	1434987364	116364497	41.8792224	-90.5682454	1	2715.93618767
 2015-06-22 15:00:25	1434985225	1317232524	41.60795403	-93.85273637	-1	2444.24183489
 2015-06-22 16:21:23	1434990083	116364497	41.8792259	-90.5682421	-1	2715.93644659
 2015-06-22 20:26:10	1435004770	116364497	41.8260935	-90.539158	-1	2718.56471192
 2015-06-22 18:54:14	1434999254	116364497	41.8273543	-90.5545121	1	2717.28804029
 2015-06-22 11:38:44	1434973124	116364497	41.879224	-90.5682425	1	2715.93642115
 2015-06-22 15:16:37	1434986197	116364497	41.879224	-90.5682425	-1	2715.93642115
 2015-06-22 18:28:51	1434997731	3015313624	42.46876199	-91.44244383	1	2642.60147707
 2015-06-22 18:29:31	1434997771	3015313624	42.46867742	-91.44276163	-1	2642.57544346
 2015-06-22 16:57:02	1434992222	315864140	40.80985806	-91.09953196	-1	2678.09223137
 2015-06-22 07:10:36	1434957036	2949501558	42.0587053	-90.6657605	1	2707.23432644
 2015-06-22 23:11:41	1435014701	333067874	42.13331346	-90.59431572	1	2712.90094556
 2015-06-22 06:07:42	1434953262	2949501558	42.0587918	-90.665794	1	2707.23128975
 2015-06-22 22:05:18	1435010718	2949501558	42.0586651	-90.6657945	1	2707.23164708
 2015-06-22 15:44:47	1434987887	1668957726	41.62629667	-93.038125	1	2511.91951005
 2015-06-23 01:08:00	1435021680	248927857	41.82254297	-93.16729138	1	2500.87557912
 2015-06-22 07:47:27	1434959247	2949501558	42.0586342	-90.6657951	-1	2707.23169479
 2015-06-23 03:05:20	1435028720	1273488157	41.016103	-91.968209	1	2603.77719925
 2015-06-22 23:32:52	1435015972	18825537	41.7999954	-91.872139	1	2608.24250903
 2015-06-22 14:22:15	1434982935	429803867	42.27263	-90.617451	1	2710.6334138
 2015-06-22 21:28:43	1435008523	726179964	41.68718745	-91.83921674	1	2611.32162008
 2015-06-23 02:17:10	1435025830	2287483034	41.5157564	-92.08564956	-1	2591.45892928
 2015-06-22 23:20:30	1435015230	49766282	41.64871272	-91.51039086	-1	2638.76060215
 2015-06-22 23:38:46	1435016326	523639666	41.65943947	-91.55680055	1	2634.86562253
 2015-06-22 23:24:04	1435015444	605976539	41.66728506	-91.48238455	1	2641.01345612
 2015-06-23 02:30:20	1435026620	404428223	41.65706551	-91.53043181	-1	2637.06404944
 2015-06-22 23:50:26	1435017026	43446461	41.663597	-91.53039873	1	2637.04166793
 2015-06-23 00:43:00	1435020180	112203217	40.5760813	-91.5184831	1	2644.81718373
 2015-06-23 02:13:47	1435025627	40148399	41.66338823	-91.53600186	1	2636.57729452
 2015-06-22 23:24:38	1435015478	605976539	41.66715226	-91.48248159	1	2641.00591477
 2015-06-22 23:20:52	1435015252	614554076	41.6533508	-91.5812607	-1	2632.85795912
 2015-06-22 23:57:17	1435017437	861527887	41.65786334	-91.53037532	-1	2637.06566013
 2015-06-23 03:13:43	1435029223	46090039	41.6558	-91.525	1	2637.51993801
 2015-06-22 21:42:55	1435009375	417426872	42.05894447	-91.00597238	1	2679.1564111
 2015-06-23 02:54:29	1435028069	605976539	41.65901485	-91.53243104	-1	2636.89054338
 2015-06-23 02:35:47	1435026947	314877166	41.63948333	-91.43779667	-1	2644.82568308
 2015-06-22 18:14:37	1434996877	634953863	42.03	-91.36	-1	2650.00466606
 2015-06-23 01:52:03	1435024323	330664194	40.40183439	-91.38001724	1	2658.06926007
 2015-06-22 22:34:15	1435012455	2747711383	40.6246	-91.3913	-1	2655.10624537
 2015-06-23 00:50:28	1435020628	112203217	40.5388915	-91.4742055	1	2648.87093723
 2015-06-23 01:01:37	1435021297	112203217	40.5388901	-91.4742126	-1	2648.87035152
 2015-06-22 18:48:46	1434998926	634953863	41.95	-91.25	-1	2659.30658636
 2015-06-23 00:33:23	1435019603	605976539	41.65904	-91.534175	-1	2636.74565349
 2015-06-23 01:03:11	1435021391	577751979	41.71593833	-91.58792167	1	2632.07504938
 2015-06-23 02:17:41	1435025861	2747711383	40.5923	-91.4249	1	2652.55600909
 2015-06-23 01:57:24	1435024644	18004020	41.6532662	-91.5281535	1	2637.26792552
 2015-06-22 23:46:06	1435016766	13127122	41.6605453	-91.5332336	-1	2636.81802387
 2015-06-22 15:17:46	1434986266	192450515	41.2543	-92.36284667	1	2569.46658877
 2015-06-23 03:23:24	1435029804	46090039	41.6558	-91.525	1	2637.51993801
 2015-06-23 02:18:51	1435025931	2747711383	40.6296	-91.3496	-1	2658.57223727
 2015-06-23 01:41:52	1435023712	112203217	40.5389235	-91.4741538	1	2648.8750096
 2015-06-22 22:55:01	1435013701	2544227706	40.99201927	-92.78768167	-1	2535.24603669
 2015-06-23 03:32:50	1435030370	754097124	41.0155563	-92.8138962	1	2532.92266904
 2015-06-22 22:35:36	1435012536	2544227706	41.05316622	-92.93834754	-1	2522.30221595
 2015-06-22 23:03:13	1435014193	2544227706	40.98894573	-92.74045932	1	2539.2215038
 2015-06-22 22:09:03	1435010943	2544227706	41.10126388	-92.96752825	-1	2519.62529759
 2015-06-22 22:12:26	1435011146	2544227706	41.10126388	-92.96752825	-1	2519.62529759
 2015-06-22 23:10:53	1435014653	2544227706	40.91933347	-92.64199975	1	2547.87635848
 2015-06-22 16:16:24	1434989784	447445447	42.16413519	-95.78050107	1	2285.43847273
 2015-06-22 23:07:28	1435014448	2544227706	40.97667465	-92.71059462	-1	2541.79324761
 2015-06-22 22:24:47	1435011887	2544227706	41.0754792	-92.93066621	-1	2522.83555556
 2015-06-22 22:45:13	1435013113	2544227706	40.99695946	-92.79890975	-1	2534.27808877
 2015-06-22 17:44:55	1434995095	303037580	41.49409283	-93.48711447	-1	2474.86520946
 2015-06-22 17:17:38	1434993458	541784487	42.04922575	-93.64533809	1	2461.27013529
 2015-06-22 21:43:42	1435009422	372076083	41.48198796	-93.68141653	-1	2458.71027501
 2015-06-23 01:09:04	1435021744	17787597	41.3624306	-93.5619812	1	2468.9593608
 2015-06-23 00:59:33	1435021173	2273627293	42.99977951	-96.05008705	1	2268.79248603
 2015-06-22 17:42:16	1434994936	2485983066	40.91576517	-92.21137572	-1	2584.0258105
 2015-06-23 00:35:52	1435019752	78732489	41.3553336	-93.4910478	1	2474.89792723
 2015-06-22 16:00:03	1434988803	1486800553	42.028894	-93.626232	1	2462.83764319
 2015-06-22 14:39:12	1434983952	179045851	42.02525873	-93.613493	-1	2463.88830006
 2015-06-22 12:18:04	1434975484	156119644	42.0245777	-93.64307003	-1	2461.44491635
 2015-06-23 01:51:31	1435024291	257647397	42.10258797	-93.64184473	1	2461.59546197
 2015-06-22 16:44:47	1434991487	45059222	41.48506873	-93.49444821	-1	2474.27514283
 2015-06-22 13:00:02	1434978002	1486800553	42.028894	-93.626232	1	2462.83764319
 2015-06-23 01:20:08	1435022408	2165771792	42.02398889	-93.65663443	1	2460.32420568
 2015-06-23 02:19:18	1435025958	25080626	41.07413678	-94.36552749	-1	2402.64616093
 2015-06-23 00:45:47	1435020347	1537881380	41.89944592	-93.31035554	1	2488.96296058
 2015-06-22 15:33:10	1434987190	1717036123	42.02337889	-93.65049187	-1	2460.83131727
 2015-06-22 17:56:39	1434995799	347881529	42.18776541	-93.5961771	-1	2465.44480441
 2015-06-22 22:00:03	1435010403	1486800553	42.028894	-93.626232	1	2462.83764319
 2015-06-23 01:19:50	1435022390	1537881380	42.0004706	-93.40131915	-1	2481.41215104
 2015-06-22 07:05:43	1434956743	453153841	41.97402277	-92.63037273	-1	2545.14452979
 2015-06-23 02:04:00	1435025040	17787597	41.3624306	-93.5619812	1	2468.9593608
 2015-06-22 19:33:07	1435001587	1017675181	41.3576645	-93.7526291	-1	2453.065524
 2015-06-23 01:00:02	1435021202	1486800553	42.028894	-93.626232	1	2462.83764319
 2015-06-23 05:35:32	1435037732	611165089	41.5591316	-90.5583267	1	2718.26902692
 2015-06-22 15:10:51	1434985851	377110434	41.48673365	-93.48995734	1	2474.64530662
 2015-06-23 01:33:53	1435023233	421620136	42.0188648	-93.6241318	1	2463.006901
 2015-06-22 12:58:48	1434977928	126974423	42.0442691	-93.6582976	-1	2460.19723921
 2015-06-23 03:03:00	1435028580	218712612	42.02414717	-93.6539	1	2460.55014801
 2015-06-22 23:38:44	1435016324	18412032	41.4976	-93.6775	1	2459.00429973
 2015-06-23 04:01:12	1435032072	615511867	41.68489683	-90.67501173	1	2707.9420883
 2015-06-22 07:00:02	1434956402	1486800553	42.028894	-93.626232	1	2462.83764319
 2015-06-23 04:10:03	1435032603	563378853	42.02507904	-93.46668573	1	2476.01465578
 2015-06-23 02:53:30	1435028010	29414700	42.021	-93.6505	-1	2460.82958398
 2015-06-22 23:19:27	1435015167	2544227706	40.908634	-92.62398918	1	2549.45131522
 2015-06-22 18:57:30	1434999450	24962849	42.53835558	-96.40450741	-1	2236.28916337
 2015-06-22 19:56:44	1435003004	24962849	42.53835558	-96.40450741	-1	2236.28916337
 2015-06-23 00:24:21	1435019061	28113645	42.4941483	-96.3973389	1	2236.57281571
 2015-06-22 19:15:25	1435000525	24962849	42.53835558	-96.40450741	-1	2236.28916337
 2015-06-22 14:57:23	1434985043	414902393	42.48264949	-96.34771574	-1	2240.55789312
 2015-06-22 06:59:59	1434956399	451967546	42.45338391	-96.34335663	1	2240.72434359
 2015-06-22 18:00:50	1434996050	122760384	42.4946556	-96.4079742	-1	2235.70585847
 2015-06-23 00:25:24	1435019124	24962849	42.49372891	-96.40883835	1	2235.62888856
 2015-06-22 19:54:15	1435002855	24962849	42.53835558	-96.40450741	-1	2236.28916337
 2015-06-22 19:09:44	1435000184	24962849	42.53835558	-96.40450741	-1	2236.28916337
 2015-06-22 06:10:03	1434953403	2326599746	42.5082774	-96.4282628	1	2234.13830945
 2015-06-22 06:29:38	1434954578	2326599746	42.5083343	-96.4282621	1	2234.13875643
 2015-06-22 06:17:52	1434953872	220036461	43.4800641	-93.3516947	1	2490.60440686
 2015-06-22 11:10:51	1434971451	119224584	42.49527963	-96.47719145	1	2230.04573605
 2015-06-22 19:59:09	1435003149	24962849	42.53835558	-96.40450741	-1	2236.28916337
 2015-06-23 03:38:43	1435030723	154991303	42.51821075	-96.39744562	-1	2236.72747032
 2015-06-22 18:46:08	1434998768	24962849	42.53835558	-96.40450741	-1	2236.28916337
 2015-06-23 00:58:05	1435021085	65942633	42.499755	-96.366465	-1	2239.13706736
 2015-06-22 20:29:40	1435004980	24962849	42.53835558	-96.40450741	-1	2236.28916337
 2015-06-22 13:10:24	1434978624	414902393	42.48265074	-96.34771743	1	2240.55776301
 2015-06-22 19:20:34	1435000834	24962849	42.53835558	-96.40450741	-1	2236.28916337
 2015-06-22 15:27:04	1434986824	414902393	42.48265039	-96.34773176	-1	2240.55658765
 2015-06-23 02:22:34	1435026154	1301582510	42.4946556	-96.4079742	1	2235.70585847
 2015-06-23 04:30:06	1435033806	495405559	42.49077612	-96.06302862	-1	2263.91525892
 2015-06-22 20:41:32	1435005692	24962849	42.53835558	-96.40450741	-1	2236.28916337
 2015-06-22 15:40:21	1434987621	414902393	42.48265102	-96.34772408	-1	2240.55722049
 2015-06-22 11:56:13	1434974173	2544227706	42.80306852	-93.8650457	-1	2445.14287257
 2015-06-22 17:08:20	1434992900	24962849	42.53835558	-96.40450741	-1	2236.28916337
 2015-06-22 16:35:53	1434990953	24962849	42.53835558	-96.40450741	-1	2236.28916337
 2015-06-22 09:45:42	1434966342	1326206022	42.50942346	-96.4249499	1	2234.41720169
 2015-06-22 12:07:52	1434974872	2544227706	42.7951204	-93.77752619	-1	2452.24288228
 2015-06-22 19:56:12	1435002972	24962849	42.53835558	-96.40450741	-1	2236.28916337
 2015-06-22 19:00:58	1434999658	24962849	42.53835558	-96.40450741	-1	2236.28916337
 2015-06-22 06:20:01	1434954001	2326599746	42.5082663	-96.4282505	-1	2234.13923975
 2015-06-22 18:55:38	1434999338	24962849	42.53835558	-96.40450741	-1	2236.28916337
 2015-06-22 19:50:27	1435002627	24962849	42.53835558	-96.40450741	-1	2236.28916337
 2015-06-22 20:13:34	1435004014	24962849	42.53835558	-96.40450741	-1	2236.28916337
 2015-06-22 12:18:28	1434975508	2544227706	42.75870015	-93.68937677	-1	2459.2806689
 2015-06-23 04:46:10	1435034770	1683670698	43.4471626	-93.2147751	-1	2501.4126527
 2015-06-22 17:15:24	1434993324	24962849	42.53835558	-96.40450741	-1	2236.28916337
 2015-06-22 23:48:42	1435016922	24962849	42.49372891	-96.40883835	1	2235.62888856
 2015-06-22 16:16:28	1434989788	2326599746	42.5083035	-96.4282145	-1	2234.14243987
 2015-06-22 18:19:53	1434997193	154991303	42.51829722	-96.3972866	1	2236.74107108
 2015-06-22 19:32:17	1435001537	24962849	42.53835558	-96.40450741	-1	2236.28916337
 2015-06-22 20:43:50	1435005830	24962849	42.53835558	-96.40450741	-1	2236.28916337
 2015-06-23 15:06:38	1435071998	520941744	40.82233416	-92.89852175	1	2526.92084008
 2015-06-23 16:00:49	1435075249	714900390	40.88837654	-92.82737031	-1	2532.5016602
 2015-06-23 14:23:06	1435069386	2777594366	41.8445	-90.1887	-1	2747.4939035
 2015-06-23 11:28:56	1435058936	394284109	41.84384834	-90.18829841	1	2747.53015378
 2015-06-24 01:57:34	1435111054	1460111455	43.13515533	-93.38402402	1	2485.87586718
 2015-06-24 00:14:20	1435104860	549412379	43.11281245	-92.37620543	-1	2567.49777134
 2015-06-23 20:54:36	1435092876	114301987	43.14224375	-93.38954776	1	2485.46627196
 2015-06-23 20:39:34	1435091974	14351834	41.58160833	-93.80771532	1	2448.02151224
 2015-06-23 19:31:30	1435087890	26304149	41.56566195	-93.80800598	-1	2448.02124709
 2015-06-24 04:51:59	1435121519	40039173	42.0817041	-94.8774243	-1	2359.6206442
 2015-06-23 16:58:23	1435078703	394284109	41.84384834	-90.18829841	1	2747.53015378
 2015-06-23 14:34:17	1435070057	722664331	41.59306915	-93.80328503	1	2448.37347317
 2015-06-23 19:33:30	1435088010	23720298	41.5332985	-93.9552612	1	2435.81767615
 2015-06-24 02:06:05	1435111565	353270515	43.13417235	-93.38311469	-1	2485.94431255
 2015-06-23 19:19:32	1435087172	26304149	41.56597084	-93.80795136	1	2448.02531607
 2015-06-24 03:37:58	1435117078	116364497	41.8792728	-90.5682254	1	2715.93763927
 2015-06-23 21:10:14	1435093814	102877036	41.84384834	-90.18829841	1	2747.53015378
 2015-06-23 11:26:28	1435058788	394284109	41.84384834	-90.18829841	1	2747.53015378
 2015-06-23 23:18:03	1435101483	559026154	43.134218	-93.21099965	-1	2499.89544307
 2015-06-23 20:14:57	1435090497	353376923	43.11054718	-93.39703319	-1	2484.69077076
 2015-06-23 23:23:19	1435101799	50760066	41.8247748	-90.7625283	-1	2700.07466321
 2015-06-23 12:30:58	1435062658	342690565	41.58866	-93.810346	1	2447.79256121
 2015-06-23 18:32:35	1435084355	66847659	43.14921763	-93.35754119	1	2488.09745862
 2015-06-24 03:22:02	1435116122	116364497	41.8792764	-90.5681873	-1	2715.94077701
 2015-06-24 00:51:47	1435107107	564812749	43.220331	-93.374349	1	2487.13157968
 2015-06-23 21:58:32	1435096712	27190732	41.56964173	-93.80440235	-1	2448.31492553
 2015-06-23 14:42:05	1435070525	1029556686	41.59943086	-93.86677604	-1	2443.08556267
 2015-06-23 19:20:58	1435087258	2687667253	41.5421557	-94.0776331	1	2425.62077657
 2015-06-24 03:14:49	1435115689	549412379	43.1129528	-92.37634543	-1	2567.48694299
 2015-06-23 21:57:37	1435096657	2192176549	41.56787771	-93.82000415	-1	2447.01978469
 2015-06-24 01:55:15	1435110915	124587161	41.841345	-90.187121	-1	2747.63919656
 2015-06-23 18:50:17	1435085417	3220167144	42.4965172	-90.6589813	1	2706.8235816
 2015-06-24 02:17:24	1435112244	142422819	42.51587937	-90.74190831	-1	2700.00325727
 2015-06-24 00:06:30	1435104390	93409299	43.35868389	-95.14609126	1	2345.0848994
 2015-06-23 15:52:22	1435074742	2803940430	42.6990454	-91.7034948	1	2621.29599182
 2015-06-23 22:48:57	1435099737	40657194	42.5152464	-90.7233797	-1	2701.52250506
 2015-06-24 00:41:30	1435106490	22524066	42.50755786	-90.74902511	1	2699.42911641
 2015-06-23 18:01:48	1435082508	51627680	42.49471439	-90.72310031	1	2701.56920377
 2015-06-23 17:50:42	1435081842	417426872	42.40589787	-90.70492825	1	2703.18489149
 2015-06-23 21:14:11	1435094051	2371951372	42.49619879	-90.66437486	1	2706.38181862
 2015-06-23 21:12:21	1435093941	2371951372	42.502697	-90.6700211	1	2705.91080588
 2015-06-24 01:48:04	1435110484	1323148880	41.5066642	-94.31871702	1	2405.59658981
 2015-06-23 19:53:30	1435089210	51627680	42.51503955	-90.74574572	-1	2699.68966689
 2015-06-24 03:36:56	1435117016	236565570	43.4017487	-94.8378067	1	2370.30651953
 2015-06-23 06:12:00	1435039920	572881891	42.6459027	-92.0499473	-1	2592.91525168
 2015-06-23 21:15:46	1435094146	2371951372	42.49619879	-90.66437486	1	2706.38181862
 2015-06-23 16:46:54	1435078014	320204862	42.4441237	-90.92581356	-1	2685.00312877
 2015-06-23 21:59:33	1435096773	37583640	43.36869498	-95.13164558	1	2346.34072161
 2015-06-24 01:46:23	1435110383	173473008	42.52553888	-90.69601682	-1	2703.75348576
 2015-06-24 01:40:56	1435110056	360376649	42.49998432	-90.73570117	-1	2700.5299418
 2015-06-23 22:20:20	1435098020	200554576	43.35301212	-95.15124546	1	2344.61759035
 2015-06-24 02:17:53	1435112273	142422819	42.4969725	-90.66493034	-1	2706.33529752
 2015-06-23 16:16:02	1435076162	1269884012	40.66627626	-95.76292662	1	2286.61349431
 2015-06-23 23:02:47	1435100567	72748328	42.2194901	-92.8695068	1	2525.32232354
 2015-06-23 17:41:40	1435081300	529029466	42.51922669	-90.67152575	1	2705.7676396
 2015-06-23 22:34:00	1435098840	2803940430	42.6990442	-91.7034948	1	2621.29599065
 2015-06-23 22:00:22	1435096822	87346068	42.5243187	-90.7380981	1	2700.30645736
 2015-06-23 18:25:26	1435083926	532275514	42.51204331	-90.65551683	1	2707.08821672
 2015-06-24 02:17:40	1435112260	17504576	43.0383	-92.6437	-1	2545.50109631
 2015-06-23 21:57:56	1435096676	15575912	42.49301712	-90.71604252	-1	2702.14989059
 2015-06-23 16:49:10	1435078150	376985224	43.36644377	-95.13737809	1	2345.85820336
 2015-06-23 17:50:36	1435081836	223911113	42.95625958	-91.83473415	1	2611.0155276
 2015-06-23 22:38:24	1435099104	15575912	42.4867592	-90.66292968	1	2706.51251049
 2015-06-23 14:00:49	1435068049	376985224	43.37592882	-95.13174484	-1	2346.39945547
 2015-06-23 18:23:46	1435083826	3220167144	42.49673287	-90.65619519	1	2707.05171252
 2015-06-23 16:33:08	1435077188	532275514	42.49609389	-90.66004473	1	2706.73694144
 2015-06-23 21:57:29	1435096649	2803940430	42.6990454	-91.7034953	1	2621.29595097
 2015-06-24 03:21:04	1435116064	93409299	43.35786105	-95.14645437	-1	2345.04809102
 2015-06-24 04:06:56	1435118816	142422819	42.535841	-90.661796	-1	2706.546057
 2015-06-24 02:39:38	1435113578	850543987	43.38761801	-95.16751306	1	2343.62767437
 2015-06-24 02:53:19	1435114399	371063370	43.4107257	-95.12288318	-1	2347.43734902
 2015-06-23 15:56:16	1435074976	589594200	42.40455041	-90.7039031	1	2703.2712248
 2015-06-24 00:46:47	1435106807	257220056	43.38761801	-95.16751306	-1	2343.62767437
 2015-06-23 14:57:38	1435071458	3223293936	41.68039807	-92.99834504	1	2515.11059919
 2015-06-24 01:59:50	1435111190	450763430	41.70017119	-93.10256033	1	2506.42109683
 2015-06-23 10:40:24	1435056024	195560671	41.73463241	-92.0546844	-1	2593.29469487
 2015-06-23 11:45:55	1435059955	16307481	41.69369369	-92.20007507	1	2581.3493839
 2015-06-23 20:18:48	1435090728	248032741	42.44677241	-93.26126834	1	2493.38030665
 2015-06-23 17:17:01	1435079821	733682599	42.04842899	-90.39759071	1	2729.39986533
 2015-06-23 08:48:59	1435049339	92580351	42.25534162	-90.42701418	-1	2726.34296434
 2015-06-23 14:06:45	1435068405	2885749179	42.50763198	-93.26885189	1	2492.88527564
 2015-06-23 15:49:17	1435074557	880289696	41.1265875	-91.4467948	-1	2646.72708519
 2015-06-23 18:18:26	1435083506	1384771897	42.52220834	-93.14501706	1	2503.06485
 2015-06-23 15:47:21	1435074441	1007848010	41.65449886	-92.00709798	1	2597.49273719
 2015-06-24 03:04:27	1435115067	363410076	41.6586494	-91.5338821	1	2636.77147534
 2015-06-23 23:50:41	1435103441	467114251	41.6911268	-91.60034503	1	2631.13307875
 2015-06-24 02:35:46	1435113346	2163131214	41.6822	-91.5629	1	2634.27357055
 2015-06-24 02:20:11	1435112411	556858160	41.65544129	-91.53312685	-1	2636.84655919
 2015-06-23 23:58:21	1435103901	107877202	41.65964402	-91.53339582	1	2636.80802096
 2015-06-24 03:08:03	1435115283	37297626	41.66087264	-91.53452138	1	2636.70985041
 2015-06-24 02:15:08	1435112108	64121056	41.6767006	-91.5313187	-1	2636.91546144
 2015-06-24 03:06:39	1435115199	366952783	41.79799877	-91.56404033	1	2633.77881718
 2015-06-24 00:49:27	1435106967	467114251	41.659976	-91.532044	1	2636.9189781
 2015-06-23 23:52:52	1435103572	25729884	41.65883797	-91.53209999	-1	2636.91871019
 2015-06-23 20:39:12	1435091952	417426872	42.05894447	-91.00597238	-1	2679.1564111
 2015-06-23 23:12:48	1435101168	467114251	41.6690319	-91.56879563	1	2633.83341502
 2015-06-23 15:20:17	1435072817	205807766	41.37645109	-92.25754994	1	2577.70551292
 2015-06-24 01:00:41	1435107641	36503317	41.65508428	-91.55068059	-1	2635.39044638
 2015-06-23 14:10:56	1435068656	383823669	43.05422861	-94.23827061	1	2416.13857752
 2015-06-24 01:09:53	1435108193	961593511	41.65758917	-91.46504402	-1	2642.49091805
 2015-06-24 01:29:21	1435109361	428774000	41.67048176	-91.56921253	1	2633.79335479
 2015-06-24 01:17:46	1435108666	24280255	41.67883372	-91.58336151	-1	2632.58771908
 2015-06-24 01:02:59	1435107779	405269971	41.660759	-91.5341415	-1	2636.74182576
 2015-06-24 03:36:44	1435117004	548069551	41.9224024	-92.9412399	1	2519.48897971
 2015-06-24 01:02:10	1435107730	30577248	43.2847619	-92.79355583	-1	2534.46337701
 2015-06-24 00:35:03	1435106103	2734318661	40.99689131	-92.30221535	1	2575.90877377
 2015-06-24 03:59:00	1435118340	1592642994	41.78299938	-95.28696888	1	2325.17463753
 2015-06-23 14:20:47	1435069247	620483248	41.49672163	-93.48806012	-1	2474.78051139
 2015-06-23 20:04:20	1435089860	2485110838	42.02948333	-93.45124167	1	2477.29127685
 2015-06-23 16:00:03	1435075203	1486800553	42.028894	-93.626232	1	2462.83764319
 2015-06-23 20:57:51	1435093071	179045851	42.18948494	-93.58587898	1	2466.29520112
 2015-06-23 23:10:14	1435101014	124587161	42.023088	-93.66319	1	2459.78227929
 2015-06-23 10:00:03	1435053603	1486800553	42.028894	-93.626232	1	2462.83764319
 2015-06-23 23:27:17	1435102037	91496924	42.01866418	-93.68947289	1	2457.60905628
 2015-06-23 23:01:24	1435100484	998113141	41.74211667	-95.41888667	-1	2314.17578197
 2015-06-23 17:15:46	1435079746	30369482	42.02191667	-93.65516667	1	2460.44450058
 2015-06-23 20:12:42	1435090362	372076083	41.45397828	-93.62924136	1	2463.11812839
 2015-06-24 04:41:57	1435120917	601519421	41.7071563	-90.45248107	1	2726.2936887
 2015-06-23 15:49:25	1435074565	918066474	41.87384428	-93.68107282	1	2458.28506219
 2015-06-24 00:04:51	1435104291	351211699	42.01657703	-93.64506422	1	2461.27674146
 2015-06-24 00:07:50	1435104470	372061610	42.0276605	-93.6493973	-1	2460.92370468
 2015-06-24 05:32:11	1435123931	1176787640	41.55568398	-90.5016906	1	2722.99462198
 2015-06-23 15:44:12	1435074252	633224263	41.95139204	-93.44897972	1	2477.47559696
 2015-06-24 01:11:27	1435108287	1648042808	42.02722737	-93.64386924	1	2461.38010698
 2015-06-24 03:38:44	1435117124	532389238	40.70564536	-94.47168206	1	2395.23664827
 2015-06-23 18:04:53	1435082693	330620296	42.02752708	-93.64853996	-1	2460.99445598
 2015-06-23 07:00:03	1435042803	1486800553	42.028894	-93.626232	1	2462.83764319
 2015-06-23 19:29:05	1435087745	1289255712	41.66049672	-95.31208629	1	2322.94966343
 2015-06-24 05:01:17	1435122077	127552936	41.5713023	-90.525977	-1	2720.89151706
 2015-06-23 15:24:42	1435073082	51174372	43.0822083	-96.1664643	-1	2260.11929095
 2015-06-24 04:03:44	1435118624	3224554688	42.0489998	-93.643158	1	2461.45001525
 2015-06-23 20:42:58	1435092178	1134633828	41.381463	-93.547791	1	2470.09036467
 2015-06-24 04:00:03	1435118403	1486800553	42.028894	-93.626232	1	2462.83764319
 2015-06-23 19:00:22	1435086022	447704205	42.02752708	-93.64853996	1	2460.99445598
 2015-06-23 20:48:09	1435092489	384065632	41.01512863	-92.43952304	1	2564.29662527
 2015-06-23 22:00:02	1435096802	1486800553	42.028894	-93.626232	1	2462.83764319
 2015-06-23 13:00:02	1435064402	1486800553	42.028894	-93.626232	1	2462.83764319
 2015-06-23 15:48:04	1435074484	620483248	41.49734591	-93.48871591	-1	2474.72449714
 2015-06-23 19:00:02	1435086002	1486800553	42.028894	-93.626232	1	2462.83764319
 2015-06-23 17:44:58	1435081498	248032741	42.02260994	-93.64866005	1	2460.98228661
 2015-06-24 01:00:02	1435107602	1486800553	42.028894	-93.626232	1	2462.83764319
 2015-06-24 04:11:50	1435119110	315635462	41.8899865	-93.3843796	-1	2482.84124235
 2015-06-24 04:59:44	1435121984	127552936	41.5713258	-90.5259525	1	2720.89342609
 2015-06-24 02:09:33	1435111773	179045851	42.02456555	-93.64810426	1	2461.02907674
 2015-06-23 18:21:41	1435083701	40600097	42.00785159	-93.47509657	1	2475.31664665
 2015-06-24 05:17:37	1435123057	529525569	41.57216022	-90.59606029	-1	2715.06360627
 2015-06-24 03:20:59	1435116059	2458555568	41.6179027	-95.30235196	-1	2323.72716415
 2015-06-24 00:44:36	1435106676	2734318661	40.99677392	-92.30236354	1	2575.89705178
 2015-06-23 20:30:48	1435091448	2447733510	41.51061564	-93.62629814	1	2463.24107445
 2015-06-23 13:32:25	1435066345	312982498	42.0228882	-93.6455383	1	2461.24027848
 2015-06-25 04:35:42	1435206942	19734116	40.85731284	-92.89001467	1	2527.4250985
 2015-06-25 02:13:23	1435198403	25703595	40.63097895	-92.92465713	1	2525.96946566
 2015-06-24 18:52:23	1435171943	722664331	41.59306886	-93.80322081	-1	2448.3788137
 2015-06-24 15:06:18	1435158378	394284109	41.84384834	-90.18829841	1	2747.53015378
 2015-06-24 20:54:03	1435179243	1357815708	41.58996092	-93.80648711	-1	2448.11160803
 2015-06-25 01:14:41	1435194881	634953863	41.52	-94.12	-1	2422.12418112
 2015-06-24 22:46:55	1435186015	1357815708	41.5586691	-93.79210427	1	2449.35507784
 2015-06-24 15:40:55	1435160455	112699925	41.86051601	-90.19566806	1	2746.84384413
 2015-06-25 00:23:44	1435191824	2544227706	41.54934259	-94.14521801	-1	2419.9876048
 2015-06-24 13:28:07	1435152487	394284109	41.84384834	-90.18829841	1	2747.53015378
 2015-06-25 00:05:07	1435190707	2544227706	41.57582567	-94.16643809	-1	2418.19254236
 2015-06-24 17:27:04	1435166824	987844962	41.56345295	-93.80790492	1	2448.0330625
 2015-06-24 21:11:01	1435180261	394284109	41.84384834	-90.18829841	1	2747.53015378
 2015-06-24 23:18:46	1435187926	21663490	41.61237795	-93.82991059	-1	2446.13373067
 2015-06-25 00:53:36	1435193616	21337580	41.57304812	-93.79937092	1	2448.728272
 2015-06-25 00:49:54	1435193394	385170879	41.58442833	-93.79440333	1	2449.12449228
 2015-06-24 14:53:31	1435157611	120129793	41.62095475	-93.83755205	1	2445.48772514
 2015-06-25 00:45:31	1435193131	23720298	41.53786768	-94.01202091	-1	2431.08703823
 2015-06-24 22:01:09	1435183269	17412439	41.59792839	-93.80757952	1	2448.00959264
 2015-06-24 15:04:53	1435158293	394284109	41.84384834	-90.18829841	1	2747.53015378
 2015-06-25 01:08:39	1435194519	19154465	41.6090245	-93.8476594	-1	2444.66253873
 2015-06-24 18:54:35	1435172075	102877036	41.84384834	-90.18829841	1	2747.53015378
 2015-06-25 00:44:35	1435193075	634953863	41.59	-94.2	-1	2415.38721383
 2015-06-24 16:41:49	1435164109	18100387	41.58153632	-93.80766392	-1	2448.02589233
 2015-06-24 17:28:18	1435166898	1365256212	42.40455041	-90.7039031	-1	2703.2712248
 2015-06-24 12:04:50	1435147490	320964393	42.74571503	-91.67244194	1	2623.881913
 2015-06-24 20:25:44	1435177544	1792500289	42.49609389	-90.66004473	1	2706.73694144
 2015-06-24 12:34:48	1435149288	223911113	42.95619763	-91.83454631	1	2611.0306684
 2015-06-24 17:31:58	1435167118	337400616	42.49506095	-90.6994124	-1	2703.51079445
 2015-06-25 05:32:36	1435210356	117010895	43.42331091	-95.16662492	1	2344.03639101
 2015-06-25 00:40:49	1435192849	142422819	42.53094287	-90.64852864	-1	2707.63860446
 2015-06-25 01:37:44	1435196264	142422819	42.4969725	-90.66493034	-1	2706.33529752
 2015-06-24 21:58:45	1435183125	266736096	42.505626	-90.69334	1	2703.99576843
 2015-06-24 15:25:24	1435159524	486994927	42.49991394	-90.66447361	-1	2706.36902788
 2015-06-25 02:56:08	1435200968	15575912	42.50431496	-90.72191362	-1	2701.65512385
 2015-06-24 17:31:01	1435167061	320204862	42.44407845	-90.92588257	-1	2684.9975191
 2015-06-25 01:45:13	1435196713	376985224	43.37609725	-95.13202013	1	2346.37883947
 2015-06-24 16:43:25	1435164205	26360516	42.476505	-90.70081333	1	2703.41951056
 2015-06-24 17:00:04	1435165204	1365256212	42.40455041	-90.7039031	-1	2703.2712248
 2015-06-24 18:01:07	1435168867	319761264	43.38761801	-95.16751306	1	2343.62767437
 2015-06-25 03:55:53	1435204553	376985224	43.37605068	-95.13184947	1	2346.39215455
 2015-06-24 14:46:01	1435157161	538597699	43.36843075	-95.13141347	-1	2346.35698703
 2015-06-25 05:30:33	1435210233	93409299	43.35786105	-95.14645437	1	2345.04809102
 2015-06-25 01:38:11	1435196291	142422819	42.53094287	-90.64852864	-1	2707.63860446
 2015-06-24 21:26:01	1435181161	333580250	43.37151342	-95.11797667	1	2347.46774309
 2015-06-24 11:23:15	1435144995	505078058	42.23041791	-92.99709251	1	2514.82185572
 2015-06-25 01:32:08	1435195928	142422819	42.520977	-90.671383	-1	2705.77730722
 2015-06-25 01:13:02	1435194782	142422819	42.535918	-90.661535	-1	2706.56735574
 2015-06-25 03:47:42	1435204062	286267581	42.6915742	-91.90507634	-1	2604.81437993
 2015-06-25 01:48:32	1435196912	15575912	42.51129572	-90.72116228	1	2701.7086876
 2015-06-24 23:16:15	1435187775	223911113	42.9560471	-91.83456431	1	2611.02885772
 2015-06-24 21:32:42	1435181562	2276946528	42.4751	-90.705684	1	2703.02191937
 2015-06-24 13:59:18	1435154358	101000710	40.8695619	-95.56653488	1	2302.47832625
 2015-06-24 15:41:00	1435160460	250832996	42.50221659	-90.68770859	1	2704.46149335
 2015-06-25 02:53:02	1435200782	743058187	42.7285978	-94.1452952	1	2421.94868936
 2015-06-25 00:31:46	1435192306	1338907398	42.5132215	-95.54311655	1	2306.60930467
 2015-06-24 18:05:07	1435169107	16307481	41.67567568	-93.04269003	-1	2511.43763481
 2015-06-24 21:18:55	1435180735	389574071	41.68082041	-92.96114	-1	2518.19902266
 2015-06-24 23:27:52	1435188472	467114251	41.6690319	-91.56879563	1	2633.83341502
 2015-06-25 00:28:43	1435192123	177294820	41.6637	-91.5318	-1	2636.92493988
 2015-06-25 03:19:26	1435202366	22092096	41.652	-91.5199	1	2637.95815957
 2015-06-25 00:36:30	1435192590	418430888	41.70388259	-91.61101009	-1	2630.20222188
 2015-06-25 02:42:02	1435200122	425488817	41.67150329	-91.52498511	1	2637.46089046
 2015-06-25 03:57:36	1435204656	605976539	41.6908	-91.6048	-1	2630.76454663
 2015-06-24 07:21:06	1435130466	112203217	40.5389087	-91.4741989	-1	2648.87134125
 2015-06-24 21:57:24	1435183044	386819016	43.38402172	-94.30934125	-1	2412.7347486
 2015-06-24 14:59:30	1435157970	112203217	40.5388988	-91.4742165	1	2648.86994614
 2015-06-25 00:33:08	1435192388	49766282	41.64903113	-91.5109342	1	2638.71423654
 2015-06-25 04:10:02	1435205402	348169240	41.65779235	-91.5436617	1	2635.96280552
 2015-06-25 01:01:42	1435194102	49766282	41.64868898	-91.51054658	-1	2638.74776476
 2015-06-24 23:25:46	1435188346	177294820	41.6589	-91.533	-1	2636.84374742
 2015-06-24 06:42:11	1435128131	112203217	40.5389003	-91.4742149	-1	2648.87006766
 2015-06-24 16:37:55	1435163875	3185579662	41.1771729	-92.2527396	-1	2579.04835982
 2015-06-24 21:57:09	1435183029	28127082	43.378849	-92.9248734	1	2524.37097658
 2015-06-25 03:59:45	1435204785	464833793	41.02528932	-95.76284258	-1	2285.62806129
 2015-06-24 21:53:20	1435182800	28127082	43.378849	-92.9248734	1	2524.37097658
 2015-06-24 21:55:20	1435182920	28127082	43.378849	-92.9248734	1	2524.37097658
 2015-06-24 16:59:08	1435165148	318860121	40.9793019	-95.80003878	1	2282.59602203
 2015-06-24 13:18:14	1435151894	24102312	42.03029277	-96.09440028	-1	2259.02586317
 2015-06-24 19:35:00	1435174500	20074453	41.49968971	-91.52962667	-1	2637.79339524
 2015-06-24 14:39:10	1435156750	452503207	41.29897311	-91.69302226	-1	2625.16283145
 2015-06-24 16:02:08	1435161728	1227992442	40.58117485	-93.54178148	1	2474.30362909
 2015-06-24 18:38:25	1435171105	37144688	41.4993472	-91.52908285	-1	2637.84020796
 2015-06-25 12:42:04	1435236124	19734116	40.85731284	-92.89001467	-1	2527.4250985
 2015-06-25 17:43:23	1435254203	2393490589	40.74293266	-92.88863182	-1	2528.25070436
 2015-06-25 17:05:18	1435251918	308868670	43.1475601	-93.2471619	-1	2497.03319206
 2015-06-25 16:10:51	1435248651	632545966	43.1762393	-93.1726303	1	2503.22126729
 2015-06-25 14:00:36	1435240836	632545966	43.1762439	-93.1726309	-1	2503.22124274
 2015-06-26 05:47:17	1435297637	1683670698	43.13417235	-93.38311469	-1	2485.94431255
 2015-06-26 02:37:27	1435286247	1116077258	41.7783509	-91.3082196	1	2655.04532591
 2015-06-26 03:12:16	1435288336	613806193	43.13665833	-93.38086667	1	2486.13980947
 2015-06-25 15:08:14	1435244894	613947647	42.26441991	-94.73774442	1	2371.62984743
 2015-06-25 14:19:47	1435241987	15246793	43.158499	-93.130598	1	2506.53499904
 2015-06-26 00:01:57	1435276917	22977869	41.67104397	-91.34431377	-1	2652.45986039
 2015-06-25 16:24:25	1435249465	266903480	42.75453437	-95.56209146	1	2306.54532969
 2015-06-25 14:45:41	1435243541	862399218	43.1479328	-93.05246954	1	2512.81351
 2015-06-26 05:10:56	1435295456	266903480	42.75456866	-95.56207827	1	2306.54663738
 2015-06-25 23:24:18	1435274658	231334176	40.8072	-91.14228	-1	2674.52510574
 2015-06-25 18:59:59	1435258799	247139660	40.8275146	-91.13840344	1	2674.68875579
 2015-06-25 22:58:13	1435273093	26391913	43.50055009	-92.36888409	1	2569.89141086
 2015-06-25 21:49:35	1435268975	391621069	42.37360939	-93.08219366	1	2507.96047142
 2015-06-25 14:49:37	1435243777	18354027	43.4737707	-92.3303664	-1	2572.84965125
 2015-06-26 02:59:46	1435287586	2973026696	42.3651073	-93.0986923	1	2506.59377125
 2015-06-25 22:08:49	1435270129	17279026	41.0167148	-91.9663918	1	2603.92562127
 2015-06-25 19:54:04	1435262044	14322774	41.70006624	-93.05492761	1	2510.37534075
 2015-06-25 23:03:02	1435273382	357787603	41.58236897	-91.98645843	1	2599.45888938
 2015-06-25 16:29:03	1435249743	34915976	41.76	-93.07	-1	2509.02386103
 2015-06-25 14:34:21	1435242861	546881491	41.00735774	-91.96327097	1	2604.24540311
 2015-06-26 03:02:46	1435287766	264337305	41.00641579	-91.9928046	-1	2601.77699486
 2015-06-25 18:10:40	1435255840	894638113	41.00381222	-91.97628985	1	2603.17687446
 2015-06-26 00:39:42	1435279182	90213620	41.6875	-91.6087	1	2630.45285594
 2015-06-26 01:17:42	1435281462	30328083	40.46533986	-91.56832029	1	2641.59744645
 2015-06-26 02:57:16	1435287436	151364624	41.65913593	-91.53339109	1	2636.81036872
 2015-06-26 01:08:14	1435280894	404428223	41.65744188	-91.52855665	-1	2637.21828565
 2015-06-26 00:40:23	1435279223	467114251	41.65783266	-91.53048263	1	2637.0568689
 2015-06-26 03:52:49	1435290769	255856818	41.6585662	-91.53040655	1	2637.06035659
 2015-06-25 16:43:50	1435250630	308659753	42.23506185	-91.1989947	-1	2662.85363748
 2015-06-26 00:40:09	1435279209	417461971	41.6533	-91.5654	1	2634.17512091
 2015-06-26 01:49:22	1435283362	467114251	41.659976	-91.532044	1	2636.9189781
 2015-06-26 02:07:47	1435284467	291452491	41.64260442	-91.50534343	1	2639.20379935
 2015-06-26 04:07:11	1435291631	151364624	41.66111993	-91.53254927	1	2636.87263145
 2015-06-26 05:46:56	1435297616	112203217	40.5388933	-91.4742112	1	2648.87044118
 2015-06-26 03:19:51	1435288791	1390513999	41.7377056	-91.6256222	1	2628.87250283
 2015-06-26 01:31:12	1435282272	467114251	41.6690319	-91.56879563	1	2633.83341502
 2015-06-26 02:15:02	1435284902	864656180	41.65950925	-91.54724785	-1	2635.65847324
 2015-06-26 01:06:17	1435280777	310991164	41.66402686	-91.53308024	-1	2636.81740306
 2015-06-26 02:17:43	1435285063	14749988	41.65899777	-91.53445995	-1	2636.7221579
 2015-06-25 18:09:05	1435255745	454513458	41.05610569	-95.7337086	-1	2288.0164894
 2015-06-25 18:10:59	1435255859	454513458	41.0561419	-95.73375567	1	2288.01248113
 2015-06-25 18:09:40	1435255780	454513458	41.05604763	-95.73369478	-1	2288.01774746
 2015-06-25 14:39:13	1435243153	458725951	42.04083962	-92.92553697	-1	2520.70716078
 2015-06-25 16:35:23	1435250123	2393490589	40.884685	-93.317831	1	2491.344583
 2015-06-25 17:31:35	1435253495	14720746	43.3082	-91.7971	1	2615.14484277
 2015-06-25 15:47:25	1435247245	267409271	43.30684571	-91.78571988	1	2616.05996783
 2015-06-25 23:51:46	1435276306	703476702	42.50688568	-94.15334773	1	2420.40340967
 2015-06-26 00:15:25	1435277725	703476702	42.50683	-94.15919	-1	2419.92454431
 2015-06-25 23:40:50	1435275650	703476702	42.50622777	-94.15460886	-1	2420.29780059
 2015-06-25 23:01:14	1435273274	262502353	43.3082	-91.7971	1	2615.14484277
 2015-06-25 18:41:31	1435257691	226364745	43.3082	-91.7971	1	2615.14484277
 2015-06-25 18:13:37	1435256017	14720746	43.3082	-91.7971	-1	2615.14484277
 2015-06-26 04:41:25	1435293685	471129079	43.1779262	-91.8745185	-1	2608.41055632
 2015-06-25 17:20:24	1435252824	574484641	43.3082	-91.7971	1	2615.14484277
 2015-06-25 19:29:42	1435260582	226364745	43.3082	-91.7971	1	2615.14484277
 2015-06-25 19:02:56	1435258976	226364745	43.3082	-91.7971	1	2615.14484277
 2015-06-25 18:56:37	1435258597	14720746	43.3082	-91.7971	1	2615.14484277
 2015-06-25 23:50:56	1435276256	703476702	42.50688077	-94.15337084	1	2420.40149918
 2015-06-25 18:11:19	1435255879	574484641	43.3082	-91.7971	-1	2615.14484277
 2015-06-26 23:32:10	1435361530	386198479	42.47135567	-92.0572891	-1	2592.17156963
 2015-06-27 00:40:43	1435365643	386198479	42.4713731	-92.0570969	1	2592.18734103
 2015-06-26 21:43:31	1435355011	29009299	42.7147859	-92.4667821	1	2558.95822239
 2015-06-26 17:48:37	1435340917	2711468581	42.4705633	-91.8748932	1	2607.13130062
 2015-06-26 18:43:57	1435344237	26564138	42.0641518	-94.8678284	1	2360.37147183
 2015-06-26 15:02:09	1435330929	526917591	41.92017064	-91.36220888	1	2650.11475053
 2015-06-26 21:42:46	1435354966	632545966	43.15822629	-93.13159104	-1	2506.45314867
 2015-06-26 18:12:25	1435342345	2711468581	42.4705632	-91.8749491	-1	2607.12671568
 2015-06-26 12:14:19	1435320859	253534415	42.78637738	-94.95160779	1	2356.49774887
 2015-06-26 19:09:15	1435345755	2422494606	41.64210338	-91.05425962	1	2676.66248857
 2015-06-26 16:07:52	1435334872	29009299	42.7147935	-92.4669111	1	2558.94770088
 2015-06-27 03:01:39	1435374099	30048832	42.03400342	-94.84705884	1	2362.0198202
 2015-06-26 14:54:07	1435330447	1646011232	43.12739492	-95.14501648	1	2343.18246649
 2015-06-26 20:35:40	1435350940	2455551367	43.16964592	-93.19101969	1	2501.69719444
 2015-06-26 17:38:12	1435340292	2711468581	42.4705459	-91.8749451	1	2607.12704059
 2015-06-26 13:27:53	1435325273	305394157	42.63119716	-92.00740719	1	2596.37803976
 2015-06-26 16:07:44	1435334864	54047668	41.33144165	-94.75756265	1	2369.24268407
 2015-06-27 04:56:25	1435380985	288546991	43.1225586	-93.3849792	1	2485.73140994
 2015-06-26 17:25:24	1435339524	14852278	42.7254442	-92.48163771	1	2557.76744449
 2015-06-27 00:14:30	1435364070	386198479	42.47137829	-92.05715099	-1	2592.18290687
 2015-06-27 00:53:35	1435366415	612538612	42.85497214	-91.40562441	1	2645.78065696
 2015-06-27 01:21:37	1435368097	386198479	42.47138045	-92.05702046	1	2592.19361365
 2015-06-26 14:52:21	1435330341	1646011232	43.12739492	-95.14501648	1	2343.18246649
 2015-06-26 07:13:13	1435302793	16847361	42.68751909	-92.39617404	1	2564.67338161
 2015-06-27 00:37:04	1435365424	543856925	42.66811036	-95.26935943	1	2329.87537224
 2015-06-26 14:53:31	1435330411	1646011232	43.12739492	-95.14501648	-1	2343.18246649
 2015-06-27 00:13:25	1435364005	20323852	42.72558739	-92.47738483	1	2558.11508482
 2015-06-27 00:26:47	1435364807	16847361	42.68751909	-92.39617404	-1	2564.67338161
 2015-06-27 03:59:21	1435377561	1027611055	42.0556	-93.8805	-1	2441.85894376
 2015-06-26 17:37:38	1435340258	2711468581	42.4705506	-91.8749057	-1	2607.13027304
 2015-06-26 14:30:33	1435329033	562375615	42.644948	-95.222129	1	2333.59788668
 2015-06-27 04:07:38	1435378058	62132884	42.12060908	-93.93480259	1	2437.44985768
 2015-06-26 16:33:51	1435336431	320742334	42.849353	-92.1015289	-1	2589.04905794
 2015-06-26 22:24:56	1435357496	54385484	42.4717	-91.8855	1	2606.26155842
 2015-06-27 01:59:31	1435370371	1904854141	43.13515533	-93.38402402	-1	2485.87586718
 2015-06-27 04:47:28	1435380448	492622399	42.64925878	-95.59215184	1	2303.40440083
 2015-06-26 20:49:25	1435351765	2321584429	40.80976127	-91.10240044	-1	2677.8522243
 2015-06-26 18:19:47	1435342787	2340909187	40.75324667	-91.1129055	-1	2677.43069614
 2015-06-26 21:12:44	1435353164	86440519	42.48312251	-91.45548877	-1	2641.52660267
 2015-06-26 15:00:51	1435330851	26391913	42.34361327	-91.24005699	-1	2659.31743864
 2015-06-26 10:40:41	1435315241	353338468	40.8182778	-91.1026602	-1	2677.76216268
 2015-06-26 22:41:47	1435358507	313704425	42.43170028	-91.40119051	-1	2646.00461347
 2015-06-26 13:31:28	1435325488	26391913	42.47006685	-91.27922293	-1	2655.98833793
 2015-06-26 19:12:55	1435345975	1191915890	42.5014391	-90.6926419	-1	2704.05803366
 2015-06-26 21:45:25	1435355125	142422819	42.535726	-90.661358	-1	2706.58206971
 2015-06-26 06:24:04	1435299844	142422819	42.535756	-90.661714	1	2706.55286925
 2015-06-27 01:28:26	1435368506	15575912	42.500214	-90.664896	-1	2706.33402541
 2015-06-27 01:17:56	1435367876	40657194	42.30067641	-91.0190185	-1	2677.54999096
 2015-06-27 04:46:03	1435380363	132023229	42.67752768	-91.91139344	1	2604.28139843
 2015-06-26 23:48:55	1435362535	376985224	43.36336438	-95.1381457	-1	2345.76804117
 2015-06-27 02:57:42	1435373862	595762457	42.4533013	-90.8250251	1	2693.26112484
 2015-06-27 01:00:30	1435366830	772925154	43.37335341	-95.11531721	-1	2347.69889438
 2015-06-26 22:20:05	1435357205	223911113	42.95602761	-91.83455075	-1	2611.0299162
 2015-06-27 04:53:51	1435380831	2843740993	42.48188635	-90.68083962	-1	2705.05036038
 2015-06-27 03:30:45	1435375845	223911113	42.95604027	-91.83456575	-1	2611.02872485
 2015-06-26 20:14:18	1435349658	241414802	42.88324788	-93.33118467	1	2488.9797859
 2015-06-26 22:32:48	1435357968	223911113	42.95610166	-91.83451337	1	2611.03312782
 2015-06-26 19:04:30	1435345470	236565570	43.4017487	-94.8378067	1	2370.30651953
 2015-06-26 16:54:33	1435337673	101000710	40.8695638	-95.56675284	1	2302.45999958
 2015-06-27 02:47:27	1435373247	19320829	43.418776	-95.17963	1	2342.94668229
 2015-06-26 22:24:27	1435357467	223911113	42.95593055	-91.83458185	-1	2611.02716267
 2015-06-27 02:42:44	1435372964	29204366	42.491177	-90.709312	-1	2702.70396424
 2015-06-27 02:04:15	1435370655	462383330	42.498645	-90.65583	1	2707.07921035
 2015-06-26 07:09:57	1435302597	142422819	42.535808	-90.661894	1	2706.53806428
 2015-06-27 00:31:49	1435365109	29204366	42.51792833	-90.67556667	-1	2705.43798699
 2015-06-26 22:35:03	1435358103	314774390	43.06875886	-92.67886586	1	2542.76469413
 2015-06-27 03:35:01	1435376101	15575912	42.4867592	-90.66292968	-1	2706.51251049
 2015-06-27 02:47:31	1435373251	445077554	42.4964027	-90.6649399	1	2706.33523689
 2015-06-27 01:25:45	1435368345	26564138	42.0294695	-94.54198333	1	2387.204616
 2015-06-26 06:43:58	1435301038	142422819	42.535886	-90.661946	1	2706.53371771
 2015-06-27 01:38:28	1435369108	249946052	42.505	-90.68337167	1	2704.81362241
 2015-06-27 00:40:44	1435365644	2276183094	43.268067	-95.328234	-1	2329.5730354
 2015-06-27 01:06:42	1435367202	397007968	41.68556945	-91.91180839	1	2605.30168264
 2015-06-26 16:32:15	1435336335	27514016	42.68450833	-94.22656333	1	2415.11596216
 2015-06-26 14:35:43	1435329343	264337305	41.00773317	-91.96369835	1	2604.20724944
 2015-06-26 17:06:16	1435338376	50760066	42.0525297	-90.3968592	1	2729.44586323
 2015-06-27 01:10:43	1435367443	389238548	41.65480042	-91.52848816	-1	2637.23418946
 2015-06-26 22:44:12	1435358652	467114251	41.6690319	-91.56879563	1	2633.83341502
 2015-06-26 21:52:44	1435355564	814439930	41.66282833	-91.53831333	1	2636.38753724
 2015-06-27 00:06:44	1435363604	504886493	41.7394	-91.4749	-1	2641.36629827
 2015-06-26 23:39:35	1435361975	26504077	41.6590773	-91.5330922	-1	2636.83540986
 2015-06-27 03:39:36	1435376376	25327635	41.66084642	-91.53317354	1	2636.82185326
 2015-06-26 22:53:33	1435359213	467114251	41.65783266	-91.53048263	1	2637.0568689
 2015-06-26 20:23:00	1435350180	81878857	41.7502	-91.5993	1	2631.01309288
 2015-06-27 01:49:01	1435369741	2507698645	41.6610375	-91.5325509	1	2636.87281276
 2015-06-27 05:06:13	1435381573	2573991714	41.65861111	-91.55111111	1	2635.34116316
 2015-06-26 23:55:20	1435362920	75160860	41.6583876	-91.5331129	1	2636.83634732
 2015-06-26 21:47:56	1435355276	430146585	41.5309942	-91.5481384	1	2636.1132023
 2015-06-26 22:57:14	1435359434	52538748	42.05894447	-91.00597238	1	2679.1564111
 2015-06-26 22:32:30	1435357950	199778654	41.6585999	-91.5322037	1	2636.9110167
 2015-06-26 21:06:24	1435352784	963637098	41.67938096	-91.36773433	1	2650.48269639
 2015-06-26 23:40:16	1435362016	605976539	41.67107043	-91.57404583	-1	2633.38992007
 2015-06-26 21:06:31	1435352791	605976539	41.67362793	-91.5650849	-1	2634.12418898
 2015-06-26 23:03:49	1435359829	2507698645	41.6609744	-91.5325816	1	2636.87050637
 2015-06-27 01:00:13	1435366813	237867611	41.65173049	-91.46521427	-1	2642.49991731
 2015-06-27 03:40:34	1435376434	1644632228	41.65861111	-91.55111111	1	2635.34116316
 2015-06-26 23:16:03	1435360563	470792609	41.6597569	-91.5330631	-1	2636.83521071
 2015-06-26 23:05:55	1435359955	27970505	41.66347826	-91.53047317	-1	2637.03594305
 2015-06-26 08:30:46	1435307446	112203217	40.5388925	-91.4742099	1	2648.87055776
 2015-06-27 00:43:39	1435365819	300559486	41.661995	-91.52446167	1	2637.54071908
 2015-06-27 02:11:42	1435371102	467114251	41.659976	-91.532044	1	2636.9189781
 2015-06-27 00:41:54	1435365714	467114251	41.65783266	-91.53048263	1	2637.0568689
 2015-06-27 02:11:22	1435371082	467114251	41.65783266	-91.53048263	1	2637.0568689
 2015-06-26 22:55:27	1435359327	20413662	41.6590773	-91.5330922	1	2636.83540986
 2015-06-26 21:13:10	1435353190	24500729	41.6776886	-91.5175629	-1	2638.05351087
 2015-06-26 22:06:43	1435356403	417426872	42.09969897	-91.26437458	-1	2657.73433748
 2015-06-26 23:17:41	1435360661	253875823	41.65904976	-91.54796584	1	2635.60062229
 2015-06-26 20:40:41	1435351241	17631005	41.664405	-91.542152	1	2636.06282512
 2015-06-27 00:34:18	1435365258	367189535	41.65897173	-91.53410692	1	2636.75156862
 2015-06-27 00:30:33	1435365033	367189535	41.65899885	-91.53407179	1	2636.75438092
 2015-06-27 01:49:02	1435369742	164363142	41.75361687	-91.61226837	1	2629.92632907
 2015-06-26 22:44:11	1435358651	177294820	41.6589	-91.533	-1	2636.84374742
 2015-06-27 03:21:05	1435375265	461435367	41.64982318	-91.49191561	1	2640.29034708
 2015-06-26 23:34:46	1435361686	124587161	41.645496	-91.572124	1	2633.64682315
 2015-06-27 01:37:32	1435369052	19251352	41.811432	-91.382741	-1	2648.75561415
 2015-06-27 05:03:32	1435381412	27898308	41.6585999	-91.5322037	1	2636.9110167
 2015-06-26 20:40:34	1435351234	523639666	41.6789398	-91.5888596	1	2632.13096509
 2015-06-27 01:11:23	1435367483	418430888	41.60772908	-91.50877979	1	2639.05889609
 2015-06-27 01:52:48	1435369968	56269051	41.6673	-91.4822	-1	2641.02871852
 2015-06-26 20:45:47	1435351547	81878857	41.7502	-91.5993	-1	2631.01309288
 2015-06-27 02:42:27	1435372947	700123207	41.70053025	-91.59325032	1	2631.68785953
 2015-06-27 00:52:40	1435366360	397007968	41.69667082	-91.66566884	1	2625.6921994
 2015-06-27 05:53:25	1435384405	380945890	41.7229823	-91.7908264	1	2615.21845008
 2015-06-26 23:54:16	1435362856	53874457	41.66115553	-91.53361811	1	2636.78375646
 2015-06-27 01:44:49	1435369489	605976539	41.6733	-91.5655	1	2634.09096091
 2015-06-26 20:22:08	1435350128	2933842405	41.6819	-91.5632	-1	2634.24978464
 2015-06-26 22:45:23	1435358723	199778654	41.6585999	-91.5322037	1	2636.9110167
 2015-06-27 04:52:35	1435380755	85213045	41.66090323	-91.53233646	1	2636.89113211
 2015-06-26 20:19:30	1435349970	119277690	41.675499	-91.5673981	-1	2633.9251726
 2015-06-27 00:29:55	1435364995	892457408	41.65819979	-91.52245042	-1	2637.72233678
 2015-06-26 23:40:24	1435362024	504886493	41.7393	-91.475	-1	2641.35836181
 2015-06-27 01:02:39	1435366959	467114251	41.6690319	-91.56879563	1	2633.83341502
 2015-06-27 00:01:39	1435363299	75160860	41.6583876	-91.5331129	1	2636.83634732
 2015-06-27 02:11:55	1435371115	467114251	41.6690319	-91.56879563	1	2633.83341502
 2015-06-26 17:25:17	1435339517	112203217	40.5388929	-91.4742105	1	2648.87050368
 2015-06-26 17:10:20	1435338620	112203217	40.5388933	-91.474211	-1	2648.87045803
 2015-06-26 17:14:12	1435338852	112203217	40.5388933	-91.4742111	-1	2648.8704496
 2015-06-26 17:19:03	1435339143	112203217	40.5388907	-91.4742087	1	2648.87067474
 2015-06-26 17:27:34	1435339654	112203217	40.5388935	-91.4742111	1	2648.87044784
 2015-06-27 02:20:53	1435371653	18412032	42.0499	-92.9171	-1	2521.40028111
 2015-06-26 23:42:10	1435362130	18412032	42.051	-92.9142	1	2521.63931402
 2015-06-27 02:56:23	1435373783	18412032	42.0498	-92.9128	-1	2521.75536447
 2015-06-27 00:40:57	1435365657	18412032	42.0515	-92.9194	1	2521.2097806
 2015-06-26 23:59:35	1435363175	18412032	42.051	-92.9142	1	2521.63931402
 2015-06-26 06:37:34	1435300654	28127082	43.378849	-92.9248734	1	2524.37097658
 2015-06-26 21:25:59	1435353959	104535079	42.19221999	-92.8248398	1	2528.99439089
 2015-06-26 18:31:42	1435343502	1633692716	42.05594167	-92.91089281	1	2521.9105584
 2015-06-27 05:05:14	1435381514	2271111434	41.86939119	-92.79552659	1	2531.61002337
 2015-06-26 17:16:45	1435339005	28127082	43.378849	-92.9248734	1	2524.37097658
 2015-06-27 01:06:22	1435367182	37978717	41.115096	-95.82596776	1	2280.19621526
 2015-06-26 22:33:38	1435358018	703476702	42.50527845	-94.1563147	1	2420.15474463
 2015-06-26 19:01:33	1435345293	245867940	43.30441409	-91.78576018	1	2616.04749572
 2015-06-26 16:42:32	1435336952	471129079	43.2944757	-91.7920869	-1	2615.49837031
 2015-06-26 18:58:28	1435345108	856384225	43.3042412	-91.7839432	1	2616.19378481
 2015-06-26 20:19:28	1435349968	120129793	43.29866334	-91.80888335	1	2614.15561469
 2015-06-26 23:29:15	1435361355	8214592	43.30845815	-91.77404011	1	2617.01059128
 2015-06-26 22:26:15	1435357575	469056702	42.49421069	-96.39873684	1	2236.45882955
 2015-06-27 05:30:06	1435383006	154991303	42.51836139	-96.39744827	1	2236.72828605
 2015-06-26 17:01:40	1435338100	985546232	42.52298329	-96.42490924	1	2234.51389668
 2015-06-27 02:47:14	1435373234	617429039	42.47416784	-96.35589718	-1	2239.83235602
 2015-06-27 02:24:57	1435371897	36611289	42.4941483	-96.3973389	1	2236.57281571
 2015-06-27 05:49:06	1435384146	451042993	42.47740136	-96.36569691	-1	2239.05130874
 2015-06-27 02:48:08	1435373288	469056702	42.49503079	-96.40198169	-1	2236.19879953
 2015-06-27 03:00:44	1435374044	65646308	42.51023878	-96.40361046	1	2236.16863087
 2015-06-26 20:31:45	1435350705	414902393	42.49411111	-96.40438145	1	2235.99621148
 2015-06-27 02:04:22	1435370662	36611289	42.4941483	-96.3973389	1	2236.57281571
 2015-06-26 23:09:29	1435360169	1923923406	42.7333	-93.7326	1	2455.65218498
 2015-06-26 23:36:26	1435361786	1923923406	42.7333	-93.7326	1	2455.65218498
 2015-06-27 00:56:10	1435366570	2463566977	42.52840139	-96.40233453	1	2236.39774449
 2015-06-26 20:37:36	1435351056	29511517	42.9003405	-93.79257879	1	2451.4985479
