 2015-06-19 21:57:37	1434751057	41903872	43.0264	-94.1667	-1	2421.77569347
 2015-06-20 00:57:15	1434761835	561496914	41.3094	-92.6496	1	2545.28117899
 2015-06-20 00:57:15	1434761835	561496914	41.3094	-92.6496	1	2545.28117899
 2015-06-20 00:57:15	1434761835	561496914	41.3094	-92.6496	1	2545.28117899
 2015-06-19 21:55:55	1434750955	15410882	41.29209242	-91.53594017	-1	2638.30748423
 2015-06-20 17:03:06	1434819786	2803940430	42.6807817	-91.5347147	1	2635.07536303
 2015-06-20 20:44:40	1434833080	2803940430	42.6807907	-91.5346371	-1	2635.08171226
 2015-06-20 17:03:06	1434819786	2803940430	42.6807817	-91.5347147	1	2635.07536303
 2015-06-20 20:44:40	1434833080	2803940430	42.6807907	-91.5346371	-1	2635.08171226
 2015-06-20 20:27:10	1434832030	267409271	42.94197095	-91.81426853	1	2612.64867547
 2015-06-21 01:58:58	1434851938	58901864	42.505431	-90.764491	1	2698.16375444
 2015-06-20 20:27:10	1434832030	267409271	42.94197095	-91.81426853	1	2612.64867547
 2015-06-21 00:22:22	1434846142	2341275302	40.9864087	-91.5243815	-1	2641.15189841
 2015-06-21 01:58:58	1434851938	58901864	42.505431	-90.764491	1	2698.16375444
 2015-06-20 20:55:08	1434833708	2341275302	41.6887908	-92.2830284	-1	2574.47778696
 2015-06-21 00:23:44	1434846224	844717117	41.00349	-91.96539	-1	2604.09210347
 2015-06-21 01:02:33	1434848553	34427781	41.0090904	-91.9644165	-1	2604.13859986
 2015-06-20 23:14:40	1434842080	1007848010	41.6117001	-92.0070793	1	2597.64004835
 2015-06-20 20:34:28	1434832468	2341275302	41.6962747	-92.253695	-1	2576.8914674
 2015-06-21 01:51:22	1434851482	225238391	42.10140889	-91.28709538	-1	2655.85637705
 2015-06-20 18:56:16	1434826576	2341275302	41.468403	-91.9552273	1	2602.50521507
 2015-06-21 00:49:31	1434847771	112203217	40.5388901	-91.4742124	1	2648.87036836
 2015-06-20 17:44:20	1434822260	126974423	40.5200941	-91.4148101	1	2654.04206509
 2015-06-20 23:34:40	1434843280	112203217	40.5388914	-91.4742094	-1	2648.87060959
 2015-06-21 00:45:35	1434847535	2266016122	41.6661907	-91.54288608	-1	2635.99507761
 2015-06-20 23:40:36	1434843636	264633730	41.6687584	-91.5666199	1	2634.01506286
 2015-06-20 23:26:46	1434842806	68297021	41.65791243	-91.53087647	-1	2637.02386192
 2015-06-21 02:54:41	1434855281	126974423	40.519995	-91.4147705	1	2654.04629092
 2015-06-20 17:50:36	1434822636	18094971	42.0275307	-91.6335602	-1	2627.41979948
 2015-06-20 17:57:18	1434823038	551323471	42.0224	-91.6954	1	2622.32325379
 2015-06-21 01:43:20	1434851000	17144669	41.92276073	-91.41777733	1	2645.51135414
 2015-06-20 15:48:05	1434815285	551323471	42.0224	-91.6954	-1	2622.32325379
 2015-06-20 17:32:05	1434821525	1567274587	41.98516329	-91.56380287	1	2633.27708456
 2015-06-20 22:47:31	1434840451	1161841206	41.4999619	-91.5313873	-1	2637.64565268
 2015-06-20 22:47:31	1434840451	1161841206	41.4999619	-91.5313873	1	2637.64565268
 2015-06-22 00:08:20	1434931700	236992367	41.0331476	-92.8082857	-1	2533.30040163
 2015-06-22 22:52:34	1435013554	520941744	40.82233416	-92.89852175	1	2526.92084008
 2015-06-22 20:22:26	1435004546	16847361	42.68751909	-92.39617404	-1	2564.67338161
 2015-06-22 20:51:53	1435006313	116364497	41.8258783	-90.5362483	1	2718.8065524
 2015-06-22 18:41:24	1434998484	116364497	41.8424641	-90.5465285	1	2717.88491805
 2015-06-22 20:26:10	1435004770	116364497	41.8260935	-90.539158	-1	2718.56471192
 2015-06-22 15:16:37	1434986197	116364497	41.879224	-90.5682425	1	2715.93642115
 2015-06-22 23:25:10	1435015510	2544227706	40.88876031	-92.63560956	-1	2548.5958757
 2015-06-22 23:44:50	1435016690	2544227706	40.70302925	-92.3968365	-1	2569.88908563
 2015-06-22 23:53:23	1435017203	2544227706	40.68913653	-92.38067683	-1	2571.34868317
 2015-06-23 00:18:29	1435018709	2544227706	40.64966081	-92.33802663	-1	2575.22832008
 2015-06-23 00:03:53	1435017833	2544227706	40.64966081	-92.33802663	-1	2575.22832008
 2015-06-22 23:25:10	1435015510	2544227706	40.88876031	-92.63560956	1	2548.5958757
 2015-06-22 23:44:50	1435016690	2544227706	40.70302925	-92.3968365	1	2569.88908563
 2015-06-22 23:53:23	1435017203	2544227706	40.68913653	-92.38067683	-1	2571.34868317
 2015-06-23 00:18:29	1435018709	2544227706	40.64966081	-92.33802663	-1	2575.22832008
 2015-06-23 00:03:53	1435017833	2544227706	40.64966081	-92.33802663	-1	2575.22832008
 2015-06-22 23:20:30	1435015230	49766282	41.64871272	-91.51039086	-1	2638.76060215
 2015-06-22 23:20:52	1435015252	614554076	41.6533508	-91.5812607	1	2632.85795912
 2015-06-23 03:13:43	1435029223	46090039	41.6558	-91.525	1	2637.51993801
 2015-06-23 01:52:03	1435024323	330664194	40.40183439	-91.38001724	-1	2658.06926007
 2015-06-23 01:01:37	1435021297	112203217	40.5388901	-91.4742126	-1	2648.87035152
 2015-06-23 03:23:24	1435029804	46090039	41.6558	-91.525	1	2637.51993801
 2015-06-23 01:46:15	1435023975	1541714400	42.0192593	-92.9066766	1	2522.2750721
 2015-06-22 22:55:01	1435013701	2544227706	40.99201927	-92.78768167	1	2535.24603669
 2015-06-22 22:35:36	1435012536	2544227706	41.05316622	-92.93834754	-1	2522.30221595
 2015-06-23 01:46:15	1435023975	1541714400	42.0192593	-92.9066766	1	2522.2750721
 2015-06-22 23:03:13	1435014193	2544227706	40.98894573	-92.74045932	-1	2539.2215038
 2015-06-22 22:09:03	1435010943	2544227706	41.10126388	-92.96752825	-1	2519.62529759
 2015-06-22 22:12:26	1435011146	2544227706	41.10126388	-92.96752825	-1	2519.62529759
 2015-06-22 23:10:53	1435014653	2544227706	40.91933347	-92.64199975	1	2547.87635848
 2015-06-22 23:07:28	1435014448	2544227706	40.97667465	-92.71059462	-1	2541.79324761
 2015-06-22 22:24:47	1435011887	2544227706	41.0754792	-92.93066621	-1	2522.83555556
 2015-06-22 22:45:13	1435013113	2544227706	40.99695946	-92.79890975	1	2534.27808877
 2015-06-22 13:00:02	1434978002	1486800553	42.028894	-93.626232	1	2462.83764319
 2015-06-23 01:00:02	1435021202	1486800553	42.028894	-93.626232	1	2462.83764319
 2015-06-22 22:33:40	1435012420	885942271	41.00981884	-92.44832626	-1	2563.58930177
 2015-06-22 07:00:02	1434956402	1486800553	42.028894	-93.626232	1	2462.83764319
 2015-06-22 23:19:27	1435015167	2544227706	40.908634	-92.62398918	1	2549.45131522
 2015-06-22 11:56:13	1434974173	2544227706	42.80306852	-93.8650457	-1	2445.14287257
 2015-06-22 12:07:52	1434974872	2544227706	42.7951204	-93.77752619	-1	2452.24288228
 2015-06-22 12:18:28	1434975508	2544227706	42.75870015	-93.68937677	-1	2459.2806689
 2015-06-23 06:24:00	1435040640	18756502	42.73449139	-95.31656558	1	2326.42894969
 2015-06-23 14:34:20	1435070060	2551097143	43.1346362	-93.17719451	1	2502.63782132
 2015-06-23 06:24:00	1435040640	18756502	42.73449139	-95.31656558	1	2326.42894969
 2015-06-24 01:29:54	1435109394	262521693	42.0041784	-91.7037641	1	2621.67026099
 2015-06-24 02:08:49	1435111729	262521693	42.003917	-91.7034164	1	2621.69953892
 2015-06-24 01:29:54	1435109394	262521693	42.0041784	-91.7037641	1	2621.67026099
 2015-06-24 02:08:49	1435111729	262521693	42.003917	-91.7034164	1	2621.69953892
 2015-06-24 01:29:54	1435109394	262521693	42.0041784	-91.7037641	1	2621.67026099
 2015-06-24 02:08:49	1435111729	262521693	42.003917	-91.7034164	1	2621.69953892
 2015-06-23 16:00:03	1435075203	1486800553	42.028894	-93.626232	1	2462.83764319
 2015-06-23 10:00:03	1435053603	1486800553	42.028894	-93.626232	1	2462.83764319
 2015-06-23 07:00:03	1435042803	1486800553	42.028894	-93.626232	1	2462.83764319
 2015-06-24 04:00:03	1435118403	1486800553	42.028894	-93.626232	1	2462.83764319
 2015-06-23 22:00:02	1435096802	1486800553	42.028894	-93.626232	1	2462.83764319
 2015-06-23 13:00:02	1435064402	1486800553	42.028894	-93.626232	1	2462.83764319
 2015-06-23 19:00:02	1435086002	1486800553	42.028894	-93.626232	1	2462.83764319
 2015-06-24 01:00:02	1435107602	1486800553	42.028894	-93.626232	1	2462.83764319
 2015-06-23 14:20:00	1435069200	65942633	42.49991221	-96.36617545	-1	2239.16181658
 2015-06-23 15:08:53	1435072133	65942633	42.4997281	-96.366434	-1	2239.13942371
 2015-06-23 16:40:44	1435077644	396679195	42.4975204	-96.4067078	-1	2235.82883843
 2015-06-25 00:20:13	1435191613	2544227706	41.42210336	-94.2995693	-1	2407.31099296
 2015-06-25 01:02:11	1435194131	2544227706	41.40977893	-94.59494806	1	2382.70026733
 2015-06-25 00:45:47	1435193147	2544227706	41.40802415	-94.68443267	1	2375.24022646
 2015-06-23 14:20:00	1435069200	65942633	42.49991221	-96.36617545	-1	2239.16181658
 2015-06-23 15:08:53	1435072133	65942633	42.4997281	-96.366434	-1	2239.13942371
 2015-06-23 16:40:44	1435077644	396679195	42.4975204	-96.4067078	-1	2235.82883843
 2015-06-25 00:20:13	1435191613	2544227706	41.42210336	-94.2995693	-1	2407.31099296
 2015-06-25 01:02:11	1435194131	2544227706	41.40977893	-94.59494806	1	2382.70026733
 2015-06-25 00:45:47	1435193147	2544227706	41.40802415	-94.68443267	1	2375.24022646
 2015-06-23 14:20:00	1435069200	65942633	42.49991221	-96.36617545	-1	2239.16181658
 2015-06-23 15:08:53	1435072133	65942633	42.4997281	-96.366434	-1	2239.13942371
 2015-06-23 16:40:44	1435077644	396679195	42.4975204	-96.4067078	1	2235.82883843
 2015-06-25 00:23:44	1435191824	2544227706	41.54934259	-94.14521801	-1	2419.9876048
 2015-06-25 00:05:07	1435190707	2544227706	41.57582567	-94.16643809	-1	2418.19254236
 2015-06-25 00:20:26	1435191626	261444573	41.51776922	-94.10755141	-1	2423.16360612
 2015-06-25 00:53:36	1435193616	21337580	41.57304812	-93.79937092	1	2448.728272
 2015-06-25 00:45:31	1435193131	23720298	41.53786768	-94.01202091	-1	2431.08703823
 2015-06-25 01:08:39	1435194519	19154465	41.6090245	-93.8476594	-1	2444.66253873
 2015-06-25 02:04:58	1435197898	393073140	41.60825401	-93.87053205	1	2442.76200182
 2015-06-25 02:04:58	1435197898	393073140	41.60825401	-93.87053205	1	2442.76200182
 2015-06-25 04:06:34	1435205194	102503988	42.48594219	-91.45436036	1	2641.618276
 2015-06-25 02:04:58	1435197898	393073140	41.60825401	-93.87053205	1	2442.76200182
 2015-06-25 02:26:23	1435199183	337896201	40.8402664	-93.8098933	-1	2450.23963374
 2015-06-25 04:06:34	1435205194	102503988	42.48594219	-91.45436036	-1	2641.618276
 2015-06-25 02:04:58	1435197898	393073140	41.60825401	-93.87053205	1	2442.76200182
 2015-06-25 02:26:23	1435199183	337896201	40.8402664	-93.8098933	-1	2450.23963374
 2015-06-25 00:21:39	1435191699	2544227706	41.54658628	-94.36890832	1	2401.3762523
 2015-06-24 23:58:12	1435190292	2544227706	41.60171515	-94.41523024	1	2397.48083189
 2015-06-25 00:21:39	1435191699	2544227706	41.54658628	-94.36890832	1	2401.3762523
 2015-06-24 23:58:12	1435190292	2544227706	41.60171515	-94.41523024	-1	2397.48083189
 2015-06-25 00:21:39	1435191699	2544227706	41.54658628	-94.36890832	-1	2401.3762523
 2015-06-24 23:58:12	1435190292	2544227706	41.60171515	-94.41523024	-1	2397.48083189
 2015-06-25 00:33:08	1435192388	49766282	41.64903113	-91.5109342	1	2638.71423654
 2015-06-25 03:50:47	1435204247	2599207729	41.9590183	-91.6597781	-1	2625.40658947
 2015-06-24 23:36:45	1435189005	627853041	41.2610371	-91.3779973	-1	2651.66393158
 2015-06-24 23:33:02	1435188782	1286862678	42.0285606	-91.6336823	1	2627.4075574
 2015-06-24 23:14:46	1435187686	1567274587	41.98671059	-91.56193894	-1	2633.4274408
 2015-06-25 03:50:47	1435204247	2599207729	41.9590183	-91.6597781	-1	2625.40658947
 2015-06-24 23:36:45	1435189005	627853041	41.2610371	-91.3779973	-1	2651.66393158
 2015-06-24 23:33:02	1435188782	1286862678	42.0285606	-91.6336823	1	2627.4075574
 2015-06-24 23:14:46	1435187686	1567274587	41.98671059	-91.56193894	-1	2633.4274408
 2015-06-25 03:50:47	1435204247	2599207729	41.9590183	-91.6597781	-1	2625.40658947
 2015-06-24 23:36:45	1435189005	627853041	41.2610371	-91.3779973	-1	2651.66393158
 2015-06-24 23:33:02	1435188782	1286862678	42.0285606	-91.6336823	-1	2627.4075574
 2015-06-24 23:14:46	1435187686	1567274587	41.98671059	-91.56193894	-1	2633.4274408
 2015-06-25 01:55:28	1435197328	2480644568	41.12486525	-94.05182311	-1	2428.75292161
 2015-06-25 02:13:28	1435198408	1670179760	42.02752708	-93.64853996	-1	2460.99445598
 2015-06-24 23:40:25	1435189225	49889203	41.4839939	-93.7614192	1	2452.04292675
 2015-06-25 04:00:03	1435204803	1486800553	42.028894	-93.626232	1	2462.83764319
 2015-06-25 03:27:04	1435202824	372076083	41.4787204	-93.68298789	1	2458.5862588
 2015-06-24 13:08:43	1435151323	620483248	41.49728593	-93.4881177	-1	2474.7744432
 2015-06-24 18:15:26	1435169726	620483248	41.49528334	-93.48675	1	2474.89285685
 2015-06-25 01:55:28	1435197328	2480644568	41.12486525	-94.05182311	-1	2428.75292161
 2015-06-25 02:13:28	1435198408	1670179760	42.02752708	-93.64853996	1	2460.99445598
 2015-06-24 23:40:25	1435189225	49889203	41.4839939	-93.7614192	1	2452.04292675
 2015-06-25 04:00:03	1435204803	1486800553	42.028894	-93.626232	1	2462.83764319
 2015-06-25 03:27:04	1435202824	372076083	41.4787204	-93.68298789	1	2458.5862588
 2015-06-24 13:08:43	1435151323	620483248	41.49728593	-93.4881177	-1	2474.7744432
 2015-06-24 18:15:26	1435169726	620483248	41.49528334	-93.48675	1	2474.89285685
 2015-06-25 02:51:32	1435200692	2818994550	42.4931541	-96.4261859	-1	2234.20530513
 2015-06-25 02:51:32	1435200692	2818994550	42.4931541	-96.4261859	-1	2234.20530513
 2015-06-25 02:51:32	1435200692	2818994550	42.4931541	-96.4261859	-1	2234.20530513
 2015-06-26 04:21:46	1435292506	1006320432	42.463261	-91.91690364	-1	2603.68398385
 2015-06-26 04:21:46	1435292506	1006320432	42.463261	-91.91690364	-1	2603.68398385
 2015-06-25 15:45:58	1435247158	34915976	41.81	-94.22	-1	2413.64272002
 2015-06-25 15:45:58	1435247158	34915976	41.81	-94.22	-1	2413.64272002
 2015-06-25 16:29:03	1435249743	34915976	41.76	-93.07	1	2509.02386103
 2015-06-25 18:31:31	1435257091	34915976	41.18	-93.15	-1	2504.00794277
 2015-06-25 15:57:06	1435247826	34927081	41.35	-91.47	-1	2643.49651327
 2015-06-25 18:31:31	1435257091	34915976	41.18	-93.15	1	2504.00794277
 2015-06-25 15:57:06	1435247826	34927081	41.35	-91.47	1	2643.49651327
 2015-06-25 10:00:03	1435226403	1486800553	42.028894	-93.626232	1	2462.83764319
 2015-06-25 17:57:28	1435255048	49889203	41.4836769	-93.7400233	-1	2453.8255693
 2015-06-25 19:00:04	1435258804	1486800553	42.028894	-93.626232	1	2462.83764319
 2015-06-26 04:00:02	1435291202	1486800553	42.028894	-93.626232	1	2462.83764319
 2015-06-26 01:00:03	1435280403	1486800553	42.028894	-93.626232	1	2462.83764319
 2015-06-25 07:00:03	1435215603	1486800553	42.028894	-93.626232	1	2462.83764319
 2015-06-25 13:00:01	1435237201	1486800553	42.028894	-93.626232	-1	2462.83764319
 2015-06-25 18:56:24	1435258584	34915976	41.37	-93.42	-1	2480.78225188
 2015-06-25 16:00:03	1435248003	1486800553	42.028894	-93.626232	1	2462.83764319
 2015-06-25 10:00:03	1435226403	1486800553	42.028894	-93.626232	1	2462.83764319
 2015-06-25 17:57:28	1435255048	49889203	41.4836769	-93.7400233	-1	2453.8255693
 2015-06-25 19:00:04	1435258804	1486800553	42.028894	-93.626232	-1	2462.83764319
 2015-06-26 04:00:02	1435291202	1486800553	42.028894	-93.626232	1	2462.83764319
 2015-06-26 01:00:03	1435280403	1486800553	42.028894	-93.626232	1	2462.83764319
 2015-06-25 07:00:03	1435215603	1486800553	42.028894	-93.626232	1	2462.83764319
 2015-06-25 13:00:01	1435237201	1486800553	42.028894	-93.626232	1	2462.83764319
 2015-06-25 18:56:24	1435258584	34915976	41.37	-93.42	-1	2480.78225188
 2015-06-25 16:00:03	1435248003	1486800553	42.028894	-93.626232	1	2462.83764319
 2015-06-27 03:01:39	1435374099	30048832	42.03400342	-94.84705884	1	2362.0198202
 2015-06-26 20:15:55	1435349755	320742334	42.8563402	-92.0949438	1	2589.60113791
 2015-06-26 13:08:38	1435324118	23720298	41.5319	-93.9539	1	2435.93308847
 2015-06-26 13:08:38	1435324118	23720298	41.5319	-93.9539	1	2435.93308847
 2015-06-26 13:08:38	1435324118	23720298	41.5319	-93.9539	1	2435.93308847
 2015-06-26 23:48:55	1435362535	376985224	43.36336438	-95.1381457	-1	2345.76804117
