 2015-06-22 10:45:40	1434969940	240911749	40.12141235	-74.72393074	-1	4057.74673958
 2015-06-22 14:43:26	1434984206	325760355	40.016548	-74.949042	1	4041.6622333
 2015-06-22 13:22:29	1434979349	3108096633	39.9147606	-75.0081711	-1	4039.28159237
 2015-06-22 16:52:33	1434991953	1688899231	39.9147606	-75.0081711	1	4039.28159237
 2015-06-22 14:16:02	1434982562	1491350401	39.8941302	-75.0830204	-1	4033.57508152
 2015-06-22 14:46:24	1434984384	3108096633	39.9147606	-75.0081711	-1	4039.28159237
 2015-06-22 20:55:34	1435006534	1414132975	39.7626933	-75.1611687	1	4030.37281317
 2015-06-22 20:26:15	1435004775	471356106	40.88845056	-74.93557767	-1	4022.13998289
 2015-06-23 15:13:21	1435072401	512543553	39.35558824	-74.56346689	1	4090.76554785
 2015-06-23 22:13:59	1435097639	2544250500	39.62512306	-74.73766035	-1	4069.15480881
 2015-06-23 23:10:41	1435101041	21726799	39.32982293	-74.4994725	-1	4096.79621194
 2015-06-23 22:37:40	1435099060	2544250500	39.62036437	-74.72296997	-1	4070.5016827
 2015-06-23 23:18:43	1435101523	24099384	39.33699464	-74.57552587	-1	4090.2554915
 2015-06-24 02:51:37	1435114297	402195820	39.63445186	-74.77884161	1	4065.48347595
 2015-06-24 01:24:11	1435109051	605037715	39.3520775	-74.4442291	-1	4100.81084583
 2015-06-24 01:14:38	1435108478	360899366	39.35588147	-74.43314309	-1	4101.63409246
 2015-06-24 01:07:40	1435108060	333168923	39.36710582	-74.54946059	-1	4091.62725708
 2015-06-24 00:32:38	1435105958	74068138	39.42310339	-74.5822478	-1	4087.40268903
 2015-06-23 10:33:23	1435055603	240911749	40.12141235	-74.72393074	-1	4057.74673958
 2015-06-23 23:28:58	1435102138	49680070	40.05028099	-74.59353433	1	4070.32524365
 2015-06-23 22:49:21	1435099761	66252813	39.8989	-74.9275	1	4046.38292438
 2015-06-23 22:57:02	1435100222	1010137980	40.04489054	-74.80849695	1	4052.62529047
 2015-06-23 22:25:15	1435098315	24777896	39.93226316	-74.96101515	1	4042.76321367
 2015-06-23 23:00:45	1435100445	322133443	39.8903074	-74.9303788	-1	4046.35916845
 2015-06-23 22:06:48	1435097208	24777896	39.93198442	-74.96114298	1	4042.75955045
 2015-06-23 23:45:17	1435103117	431094368	39.96463751	-74.86363948	1	4050.04410978
 2015-06-23 22:28:57	1435098537	24777896	39.93222507	-74.96112965	-1	4042.75465085
 2015-06-23 22:14:44	1435097684	2477640205	39.98749371	-75.01035734	1	4037.29054587
 2015-06-23 23:00:32	1435100432	24777896	40.08232583	-74.76204762	-1	4055.55156736
 2015-06-23 23:14:53	1435101293	2544250500	39.63964183	-74.40450594	1	4096.51661519
 2015-06-23 22:47:54	1435099674	2768158719	39.99696367	-75.00778529	1	4037.26953784
 2015-06-24 00:36:09	1435106169	2509112934	39.94934309	-74.86519076	-1	4050.29724106
 2015-06-24 03:01:40	1435114900	1005293815	40.02878237	-74.95556864	1	4040.81770415
 2015-06-24 00:57:27	1435107447	29615201	39.84376853	-74.71130117	1	4065.74307327
 2015-06-24 00:19:31	1435105171	29204366	39.95542875	-74.87958804	1	4048.94937062
 2015-06-24 03:33:32	1435116812	2209025069	39.89157833	-74.827155	-1	4054.90606343
 2015-06-24 00:50:49	1435107049	4548561	39.930318	-74.96202457	1	4042.72790072
 2015-06-24 00:41:19	1435106479	103702204	39.59173074	-74.54959609	1	4085.68723853
 2015-06-24 00:36:23	1435106183	3044924740	39.91723967	-74.82895502	-1	4054.11152479
 2015-06-24 00:47:06	1435106826	225281647	40.02616151	-74.58573454	1	4071.57492417
 2015-06-24 00:37:02	1435106222	77214038	39.99153897	-75.01810877	1	4036.54654832
 2015-06-23 15:19:48	1435072788	1410518978	39.85298178	-75.01359267	1	4040.37812019
 2015-06-23 14:51:56	1435071116	1688899231	39.9147606	-75.0081711	1	4039.28159237
 2015-06-23 11:55:59	1435060559	2780656534	39.94603844	-75.12292722	-1	4028.96650678
 2015-06-23 19:25:09	1435087509	2354664819	39.7363109	-74.8837946	-1	4054.12986735
 2015-06-23 22:00:27	1435096827	24008103	39.92236616	-75.03494836	-1	4036.86645149
 2015-06-23 22:37:51	1435099071	22312088	39.8507453	-74.92126619	1	4048.11143729
 2015-06-23 21:58:40	1435096720	2544227706	39.84908749	-75.04105112	1	4038.19248009
 2015-06-23 22:08:57	1435097337	1084532557	39.9330915	-75.00380527	-1	4039.18707484
 2015-06-23 22:12:30	1435097550	453320348	39.93253598	-75.0208899	1	4037.7812711
 2015-06-23 22:28:42	1435098522	16501346	39.94716491	-75.12726406	1	4028.57818108
 2015-06-23 20:11:17	1435090277	71132150	39.94462734	-75.13152888	-1	4028.2866969
 2015-06-23 22:19:59	1435097999	519065269	39.7564916	-75.010022	-1	4043.11079439
 2015-06-23 22:36:49	1435099009	117089721	39.9266891	-75.0293274	1	4037.22582065
 2015-06-23 21:20:46	1435094446	3026120589	39.84620679	-74.99955137	1	4041.7160516
 2015-06-23 22:06:50	1435097210	1654642057	39.70392586	-74.82415107	1	4059.9225208
 2015-06-23 22:46:28	1435099588	453320348	39.93248249	-75.0209477	1	4037.77780084
 2015-06-24 01:04:22	1435107862	1424146507	39.868044	-75.067123	1	4035.5490642
 2015-06-23 22:56:02	1435100162	117089721	39.9266891	-75.0293274	-1	4037.22582065
 2015-06-23 22:53:16	1435099996	85639649	39.89585287	-74.95056995	1	4044.54190685
 2015-06-23 22:47:39	1435099659	17221890	39.91500299	-75.009799	-1	4039.14024808
 2015-06-23 23:57:50	1435103870	16501346	39.94716491	-75.12726406	-1	4028.57818108
 2015-06-24 00:26:23	1435105583	21694893	39.79632729	-74.94866984	1	4047.20658216
 2015-06-24 00:14:00	1435104840	17221890	39.87356473	-75.00853989	-1	4040.28169611
 2015-06-24 01:27:56	1435109276	44525200	39.79412251	-74.96102628	1	4046.23441865
 2015-06-24 02:43:29	1435113809	32487797	39.85560125	-75.02051708	1	4039.73652794
 2015-06-24 01:33:27	1435109607	422837360	39.77052596	-74.89576973	1	4052.26213456
 2015-06-24 00:36:03	1435106163	330480393	39.86705866	-74.96901367	1	4043.73117679
 2015-06-24 00:46:39	1435106799	193399093	39.71340788	-74.92270586	1	4051.47550854
 2015-06-24 00:15:40	1435104940	381711133	39.83288358	-75.00022111	-1	4041.99562033
 2015-06-24 00:18:49	1435105129	17442330	39.87785333	-75.0444945	-1	4037.1849538
 2015-06-23 23:09:56	1435100996	17635478	39.75347551	-75.0448823	1	4040.28573422
 2015-06-23 21:38:38	1435095518	2544250500	39.7991557	-75.27936328	-1	4019.61755497
 2015-06-23 22:24:17	1435098257	244238097	39.72702858	-75.02583568	-1	4042.54264665
 2015-06-23 22:24:16	1435098256	1324608834	39.77104239	-75.09315029	1	4035.82370152
 2015-06-23 23:11:59	1435101119	17720209	39.74583	-75.06902217	-1	4038.47008285
 2015-06-23 22:08:58	1435097338	2544250500	39.75899396	-75.26059342	-1	4022.1885671
 2015-06-24 00:40:25	1435106425	226474618	39.74167934	-75.3062847	-1	4018.81963389
 2015-06-24 02:36:05	1435113365	740983886	39.79794703	-75.36910843	1	4012.17737827
 2015-06-24 02:40:38	1435113638	740983886	39.79794703	-75.36910843	1	4012.17737827
 2015-06-24 00:35:13	1435106113	523850857	39.72388767	-75.09322543	-1	4037.01157706
 2015-06-24 00:37:18	1435106238	17860728	39.7981033	-75.2260818	1	4024.07859239
 2015-06-24 00:21:58	1435105318	27028616	39.82470576	-75.10027093	1	4033.87916306
 2015-06-24 01:58:09	1435111089	363335416	39.80153603	-75.24853715	1	4022.12358544
 2015-06-24 00:20:35	1435105235	2836501347	39.71643597	-75.07442937	-1	4038.76593885
 2015-06-24 00:33:22	1435106002	62535636	39.79373386	-75.2031788	1	4026.09446741
 2015-06-24 01:24:33	1435109073	499205215	39.8315315	-75.146492	-1	4029.86269202
 2015-06-24 00:41:02	1435106462	815515680	39.7346081	-75.2339431	1	4025.02245161
 2015-06-24 03:35:07	1435116907	46483340	39.7242721	-75.0290909	-1	4042.34172395
 2015-06-24 00:38:08	1435106288	22423658	39.77650263	-75.09163624	-1	4035.81179572
 2015-06-24 01:09:40	1435108180	532650968	39.79075281	-75.08672402	-1	4035.86097056
 2015-06-24 07:56:27	1435132587	396134936	39.3405756	-74.6008988	1	4088.04167505
 2015-06-23 22:01:35	1435096895	2589343206	40.93599077	-75.10361237	1	4007.24355951
 2015-06-24 15:34:09	1435160049	2724261814	39.63296	-74.807071	-1	4063.17072302
 2015-06-24 11:50:38	1435146638	2177672201	39.857	-74.8076	1	4057.40331548
 2015-06-24 09:43:57	1435139037	418389467	39.9816949	-74.9947243	1	4038.73272941
 2015-06-24 10:33:19	1435141999	240911749	40.12141235	-74.72393074	1	4057.74673958
 2015-06-24 12:12:37	1435147957	480066552	40.10764237	-74.71911435	-1	4058.48610677
 2015-06-25 00:51:48	1435193508	265241008	39.848718	-74.88536	-1	4051.14793519
 2015-06-25 02:04:32	1435197872	608754841	40.00936933	-75.01200599	1	4036.6120551
 2015-06-25 00:51:20	1435193480	265241008	39.848284	-74.885213	-1	4051.17110672
 2015-06-25 00:52:35	1435193555	265241008	39.848312	-74.885296	-1	4051.16349944
 2015-06-25 00:51:48	1435193508	265241008	39.848718	-74.88536	-1	4051.14793519
 2015-06-25 02:04:32	1435197872	608754841	40.00936933	-75.01200599	1	4036.6120551
 2015-06-25 00:51:20	1435193480	265241008	39.848284	-74.885213	1	4051.17110672
 2015-06-25 00:52:35	1435193555	265241008	39.848312	-74.885296	-1	4051.16349944
 2015-06-24 13:05:37	1435151137	2225993617	39.8969187	-75.0397974	-1	4037.09858078
 2015-06-24 16:10:26	1435162226	2205988069	39.9158821	-75.0084076	-1	4039.23393576
 2015-06-24 14:10:38	1435155038	117089721	39.9266891	-75.0293274	-1	4037.22582065
 2015-06-24 13:59:05	1435154345	178131919	39.91825336	-74.97326195	1	4042.09546138
 2015-06-24 11:05:48	1435143948	1190099407	39.7180214	-74.9700012	1	4047.42037832
 2015-06-24 15:11:20	1435158680	32487797	39.85560125	-75.02051708	-1	4039.73652794
 2015-06-24 11:55:12	1435146912	17221890	39.93481552	-75.03065586	-1	4036.91297719
 2015-06-24 17:32:43	1435167163	28017843	39.78467121	-75.01784779	1	4041.74586093
 2015-06-24 19:55:18	1435175718	418389467	39.7704168	-74.9831404	1	4044.99484777
 2015-06-24 20:28:20	1435177700	2730770829	39.82847982	-74.97305467	1	4044.36601112
 2015-06-24 19:52:15	1435175535	1688899231	39.9147606	-75.0081711	1	4039.28159237
 2015-06-24 18:45:07	1435171507	1584281929	39.94274263	-75.02642121	-1	4037.06751171
 2015-06-25 00:40:17	1435192817	145096415	39.934754	-74.985783	-1	4040.64312837
 2015-06-24 23:14:12	1435187652	22312088	39.78253921	-74.9103014	-1	4050.74802245
 2015-06-24 23:07:28	1435187248	30420274	39.829454	-75.00593	1	4041.60716763
 2015-06-25 01:15:30	1435194930	128963358	39.812394	-75.01842	1	4040.99817398
 2015-06-25 01:32:48	1435195968	547832102	39.91107943	-74.95639617	-1	4043.67642111
 2015-06-24 22:03:46	1435183426	1016204065	39.7440027	-75.0035864	-1	4043.96345009
 2015-06-25 04:26:28	1435206388	270173758	39.85868777	-75.00906961	-1	4040.61092715
 2015-06-25 04:21:37	1435206097	270173758	39.85868777	-75.00906961	-1	4040.61092715
 2015-06-24 17:36:00	1435167360	50787510	39.77240756	-75.14758434	1	4031.25852694
 2015-06-24 16:32:04	1435163524	17860728	39.78744555	-75.24543385	1	4022.73539403
 2015-06-24 18:57:53	1435172273	404532969	39.73483342	-75.07410079	-1	4038.32613684
 2015-06-24 09:13:34	1435137214	237871545	39.734269	-75.039883	1	4041.18918541
 2015-06-24 23:23:54	1435188234	263986917	39.736225	-75.02480283	1	4042.39490779
 2015-06-24 23:45:51	1435189551	17860728	39.7915497	-75.1714478	1	4028.79022797
 2015-06-25 00:55:56	1435193756	574205412	39.72611369	-75.01995209	-1	4043.05574411
 2015-06-24 23:50:32	1435189832	363335416	39.80153603	-75.24853715	1	4022.12358544
 2015-06-25 02:24:25	1435199065	2780656534	39.70154256	-75.10380641	-1	4036.69816274
 2015-06-24 21:21:23	1435180883	46483340	39.617443	-75.0800016	1	4040.82974196
 2015-06-25 12:05:02	1435233902	620452604	39.35262378	-74.47674335	-1	4098.08278393
 2015-06-25 15:25:32	1435245932	714547676	39.4770297	-74.526122	-1	4090.65630206
 2015-06-26 00:31:09	1435278669	111471361	39.36281	-74.42652	-1	4102.00124153
 2015-06-26 04:40:26	1435293626	118844040	40.88952451	-73.97594988	-1	4101.04224568
 2015-06-26 03:08:26	1435288106	3215362235	40.8026505	-74.1233063	1	4090.95994034
 2015-06-25 12:50:58	1435236658	293036718	40.02703856	-74.94070785	1	4042.09446476
 2015-06-25 10:31:56	1435228316	240911749	40.12141235	-74.72393074	1	4057.74673958
 2015-06-26 02:21:02	1435285262	608301725	39.9562504	-74.99969201	-1	4038.95217908
 2015-06-26 02:21:02	1435285262	608301725	39.9562504	-74.99969201	-1	4038.95217908
 2015-06-25 12:09:21	1435234161	294642991	39.9246182	-75.09226075	-1	4032.0471783
 2015-06-25 15:05:22	1435244722	16193518	39.8697491	-75.08070416	1	4034.37707019
 2015-06-25 19:15:33	1435259733	375314966	39.79180472	-75.05248818	1	4038.68323822
 2015-06-25 20:57:16	1435265836	2321133153	39.90834466	-74.995471	-1	4040.49738309
 2015-06-25 21:29:48	1435267788	1126826899	39.8086	-74.9417	1	4047.4758916
 2015-06-25 22:53:07	1435272787	476778412	39.77209832	-74.9645804	-1	4046.49665534
 2015-06-25 23:27:00	1435274820	564017587	39.8869785	-75.1212472	-1	4030.57540452
 2015-06-26 02:00:15	1435284015	1478046584	39.83587865	-74.92586087	-1	4048.10421671
 2015-06-26 03:54:28	1435290868	2804451547	39.8670801	-75.0049449	1	4040.7432388
 2015-06-26 03:48:40	1435290520	2804451547	39.8620645	-75.0168082	1	4039.88269421
 2015-06-25 09:43:15	1435225395	97627232	39.793872	-75.197905	-1	4026.52992015
 2015-06-25 06:38:12	1435214292	45041421	39.78665178	-75.17534972	1	4028.5887058
 2015-06-25 14:21:31	1435242091	16660663	39.819439	-75.16200808	-1	4028.87510213
 2015-06-25 13:17:50	1435238270	454948232	39.81360414	-75.1642955	-1	4028.83121636
 2015-06-25 18:54:19	1435258459	10958632	39.8319702	-75.1288834	-1	4031.31654444
 2015-06-25 19:16:47	1435259807	996012870	39.7492789	-75.3087025	-1	4018.4270311
 2015-06-25 19:23:54	1435260234	47797377	39.80575634	-75.08306833	1	4035.78702392
 2015-06-25 16:28:05	1435249685	24777896	39.79249314	-75.19675489	-1	4026.66029111
 2015-06-26 09:31:46	1435311106	111471361	39.36281	-74.42652	1	4102.00124153
 2015-06-26 10:33:33	1435314813	65530351	39.3584213	-74.4187317	1	4102.76863359
 2015-06-26 17:54:03	1435341243	65530351	39.3584213	-74.4187317	1	4102.76863359
 2015-06-27 00:30:16	1435365016	111471361	39.36281	-74.42652	-1	4102.00124153
 2015-06-26 14:21:21	1435328481	65369845	40.1206017	-74.8053665	1	4051.01449315
 2015-06-26 10:32:57	1435314777	240911749	40.12141235	-74.72393074	1	4057.74673958
 2015-06-27 04:03:25	1435377805	421568706	39.99074303	-75.00041831	1	4038.0354525
 2015-06-27 00:10:49	1435363849	293036718	40.01165064	-74.9618656	-1	4040.71882774
 2015-06-27 04:03:25	1435377805	421568706	39.99074303	-75.00041831	1	4038.0354525
 2015-06-27 00:10:49	1435363849	293036718	40.01165064	-74.9618656	-1	4040.71882774
 2015-06-26 11:25:40	1435317940	2309921092	39.9167519	-75.0711288	1	4033.99938988
 2015-06-26 11:12:50	1435317170	1688899231	39.9147606	-75.0081711	1	4039.28159237
 2015-06-26 10:04:28	1435313068	1688899231	39.9147606	-75.0081711	1	4039.28159237
 2015-06-26 12:37:00	1435322220	178131919	39.91825336	-74.97326195	1	4042.09546138
 2015-06-26 14:11:29	1435327889	402388206	39.8715769	-75.0559635	1	4036.38851112
 2015-06-26 21:40:59	1435354859	128602760	39.94027777	-75.13017654	-1	4028.50697345
 2015-06-26 21:44:13	1435355053	128602760	39.94027777	-75.13017654	1	4028.50697345
 2015-06-26 21:36:12	1435354572	128602760	39.94027777	-75.13017654	1	4028.50697345
 2015-06-27 01:28:12	1435368492	145096415	39.934754	-74.985783	-1	4040.64312837
 2015-06-27 04:52:45	1435380765	16503185	39.9418983	-75.1293793	-1	4028.53302321
 2015-06-27 03:51:50	1435377110	56444959	40.76645837	-74.20751886	1	4084.8792457
 2015-06-26 18:11:09	1435342269	2408391085	39.7656403	-75.1635437	-1	4030.10075655
 2015-06-27 09:31:24	1435397484	111471361	39.36281	-74.42652	1	4102.00124153
 2015-06-27 21:07:51	1435439271	34655862	39.35700201	-74.45870949	1	4099.47060961
 2015-06-27 20:33:15	1435437195	580486133	39.35088028	-74.44455912	1	4100.81537071
 2015-06-27 19:57:57	1435435077	51930303	39.3572931	-74.42398607	-1	4102.36040462
 2015-06-27 21:11:16	1435439476	1104245874	39.4972464	-74.94538029	-1	4055.16252204
 2015-06-27 20:59:58	1435438798	432955955	39.37580175	-74.42065137	-1	4102.14330118
 2015-06-27 19:49:05	1435434545	852113954	39.38482136	-74.540202	1	4091.92774022
 2015-06-27 19:56:37	1435434997	51930303	39.35667957	-74.42717645	-1	4102.11061419
 2015-06-27 21:28:14	1435440494	1256445462	39.35338311	-74.43646953	1	4101.4234189
 2015-06-27 21:45:22	1435441522	16926666	39.45211183	-74.64798681	-1	4081.15197312
 2015-06-28 01:21:05	1435454465	896254910	39.31394285	-74.52105342	-1	4095.42028666
 2015-06-28 00:41:42	1435452102	3345208461	39.369085	-74.570783	-1	4089.79500662
 2015-06-28 00:17:55	1435450675	34938792	39.53	-74.94	-1	4054.75902007
 2015-06-28 02:32:47	1435458767	64115415	39.5279	-74.4917	1	4092.18407529
 2015-06-28 04:49:46	1435466986	34029170	39.37568665	-74.43482971	1	4100.96344811
 2015-06-28 02:52:01	1435459921	34938792	39.59	-74.85	1	4060.70515667
 2015-06-28 05:31:38	1435469498	249854777	39.64752	-74.78864	-1	4064.3299652
 2015-06-27 17:49:30	1435427370	1104260646	39.99143801	-75.01799943	1	4036.55812976
 2015-06-27 18:58:07	1435431487	3012900879	40.05311689	-74.89049341	1	4045.61735054
 2015-06-27 20:42:31	1435437751	1104260646	39.9967	-74.9931	1	4038.49559174
 2015-06-27 23:52:33	1435449153	123959556	40.09408536	-74.6069639	-1	4068.12108942
 2015-06-27 22:30:51	1435444251	1005293815	40.01146058	-74.80037062	-1	4054.13023679
 2015-06-27 21:04:53	1435439093	17730524	40.1010032	-74.72578017	1	4058.09746815
 2015-06-27 23:55:06	1435449306	195545225	40.07089534	-74.86593891	-1	4047.2156414
 2015-06-28 03:45:21	1435463121	34938792	39.78	-74.73	-1	4065.81097332
 2015-06-28 03:45:21	1435463121	34938792	39.82	-74.53	-1	4081.41806474
 2015-06-28 02:03:43	1435457023	7534072	39.92866904	-74.98040315	1	4041.2419477
 2015-06-28 00:44:09	1435452249	3168261425	39.94069787	-74.54835516	1	4076.82570256
 2015-06-28 02:52:01	1435459921	34938792	39.82	-74.53	-1	4081.41806474
 2015-06-28 03:45:21	1435463121	34938792	39.78	-74.73	-1	4065.81097332
 2015-06-27 07:40:03	1435390803	593003336	39.89982637	-75.07684828	1	4033.94601149
 2015-06-28 03:45:21	1435463121	34938792	39.82	-74.53	1	4081.41806474
 2015-06-28 02:03:43	1435457023	7534072	39.92866904	-74.98040315	1	4041.2419477
 2015-06-27 09:32:11	1435397531	230627154	39.95776	-75.0667	1	4033.34770613
 2015-06-28 00:44:09	1435452249	3168261425	39.94069787	-74.54835516	1	4076.82570256
 2015-06-28 02:52:01	1435459921	34938792	39.82	-74.53	-1	4081.41806474
 2015-06-27 11:59:20	1435406360	210923583	39.917681	-75.04614	1	4036.05313567
 2015-06-27 13:24:17	1435411457	476778412	39.77201449	-74.96423274	-1	4046.52771059
 2015-06-27 16:25:40	1435422340	1410518978	39.85298178	-75.01359267	1	4040.37812019
 2015-06-27 15:12:45	1435417965	1084532557	39.9330467	-75.00429965	1	4039.14711169
 2015-06-27 15:48:53	1435420133	715554618	39.8501227	-75.0249782	-1	4039.50313526
 2015-06-27 16:49:46	1435423786	345172499	39.97810667	-75.06224155	-1	4033.21364654
 2015-06-27 21:18:59	1435439939	314776807	39.93809801	-75.04211107	1	4035.87938896
 2015-06-27 21:58:50	1435442330	235430430	39.94934207	-75.12989559	-1	4028.30552685
 2015-06-27 22:17:16	1435443436	270035136	39.71088314	-74.85543424	-1	4057.14019078
 2015-06-27 23:28:33	1435447713	306344737	39.94027777	-75.13017654	-1	4028.50697345
 2015-06-27 23:38:18	1435448298	15087244	39.94062445	-75.12971753	-1	4028.53651805
 2015-06-27 23:27:57	1435447677	26466878	39.96416176	-75.05614758	-1	4034.06555759
 2015-06-27 22:23:41	1435443821	771310117	39.9403	-75.1302	1	4028.50447224
 2015-06-27 22:55:20	1435445720	2526156426	39.94087268	-75.12906844	-1	4028.5843018
 2015-06-27 23:24:16	1435447456	230627154	39.95776	-75.0667	-1	4033.34770613
 2015-06-27 23:46:37	1435448797	35962747	39.8734372	-74.9966186	-1	4041.27602243
 2015-06-27 22:26:38	1435443998	230627154	39.95776	-75.0667	-1	4033.34770613
 2015-06-27 22:53:51	1435445631	2765597542	39.7573213	-75.0150929	-1	4042.66770299
 2015-06-28 00:21:14	1435450874	230627154	39.95776	-75.0667	-1	4033.34770613
 2015-06-28 00:52:20	1435452740	57333160	39.940845	-75.129822	-1	4028.52236416
 2015-06-28 00:00:58	1435449658	29610524	39.94027777	-75.13017654	-1	4028.50697345
 2015-06-28 01:08:30	1435453710	118139084	39.9162	-75.069	1	4034.19007806
 2015-06-28 00:02:47	1435449767	62607860	39.94934207	-75.12989559	1	4028.30552685
 2015-06-28 03:19:36	1435461576	15087244	39.940845	-75.129822	-1	4028.52236416
 2015-06-28 02:02:43	1435456963	417542899	39.94087268	-75.12906844	-1	4028.5843018
 2015-06-28 05:23:32	1435469012	75157207	39.940845	-75.129822	1	4028.52236416
 2015-06-28 05:44:08	1435470248	3207467247	40.73566	-74.17237	1	4088.49789905
 2015-06-27 15:21:33	1435418493	41732282	39.7193298	-75.1265182	1	4034.35495949
 2015-06-27 13:06:38	1435410398	41732282	39.71513413	-75.12630417	-1	4034.47924501
 2015-06-27 14:15:30	1435414530	973203944	39.79294667	-75.171875	-1	4028.7195383
 2015-06-27 18:48:50	1435430930	132701621	39.71955399	-75.11011023	1	4035.71560234
 2015-06-28 12:04:05	1435493045	838127347	39.35713404	-74.46848886	-1	4098.6509806
 2015-06-28 12:02:20	1435492940	16055080	39.33556895	-74.48994008	1	4097.43795829
 2015-06-27 21:21:00	1435440060	31189527	40.8574056	-74.81436028	-1	4032.82170775
 2015-06-28 10:08:34	1435486114	16245157	39.40548482	-74.36506794	-1	4105.98657592
 2015-06-28 09:10:45	1435482645	34938792	39.59	-74.85	-1	4060.70515667
 2015-06-28 06:11:50	1435471910	246607700	39.35542464	-74.44148466	-1	4100.95023684
 2015-06-28 10:37:19	1435487839	819736597	39.36	-74.45611111	1	4099.60722452
 2015-06-28 10:24:19	1435487059	16245157	39.40811504	-74.36059711	-1	4106.28919678
 2015-06-28 15:26:05	1435505165	838127347	39.35713404	-74.46848886	-1	4098.6509806
 2015-06-28 16:55:57	1435510557	34938792	39.46	-74.58	-1	4086.61375222
 2015-06-28 16:55:57	1435510557	34938792	39.65	-74.77	-1	4065.81829043
 2015-06-28 20:42:22	1435524142	353300936	39.3289396	-74.4957414	1	4097.13134014
 2015-06-28 18:20:19	1435515619	35592635	39.35452384	-74.43619178	1	4101.41604436
 2015-06-28 18:36:16	1435516576	39352392	39.619751	-74.7805023	1	4065.72530385
 2015-06-29 04:19:13	1435551553	389011998	39.40380823	-74.49320269	1	4095.34339244
 2015-06-28 09:10:45	1435482645	34938792	39.78	-74.73	-1	4065.81097332
 2015-06-28 14:19:07	1435501147	29868790	40.1410658	-74.67919409	-1	4060.97053015
 2015-06-28 13:52:22	1435499542	1010008740	40.10271952	-74.68860732	-1	4061.13745671
 2015-06-28 09:10:45	1435482645	34938792	39.82	-74.53	-1	4081.41806474
 2015-06-28 09:10:45	1435482645	34938792	40.01	-74.82	-1	4052.53720186
 2015-06-28 09:10:45	1435482645	34938792	39.9	-74.82	-1	4055.28874794
 2015-06-28 22:03:44	1435529024	304153774	39.9374	-74.9707	1	4041.83035372
 2015-06-29 04:51:18	1435553478	23868769	39.96105612	-74.97668045	1	4040.74424848
 2015-06-28 11:20:06	1435490406	2742057848	39.860974	-75.0397682	1	4038.00088128
 2015-06-29 04:51:18	1435553478	23868769	39.96105612	-74.97668045	-1	4040.74424848
 2015-06-28 09:10:45	1435482645	34938792	39.69	-74.88	1	4055.62987654
 2015-06-28 15:10:09	1435504209	310689977	39.9404344	-75.13025282	1	4028.49674803
 2015-06-28 17:32:28	1435512748	1410518978	39.85298178	-75.01359267	1	4040.37812019
 2015-06-28 20:27:26	1435523246	327799879	39.93587434	-75.10559192	-1	4030.65940661
 2015-06-28 16:53:35	1435510415	456309237	40.73420333	-75.03936667	1	4017.09412899
 2015-06-28 18:19:37	1435515577	1058821219	40.6958	-75.0106	-1	4020.34727809
 2015-06-29 10:31:27	1435573887	240911749	40.12141235	-74.72393074	-1	4057.74673958
 2015-06-30 00:37:10	1435624630	135410326	39.96997593	-74.90279092	1	4046.65944219
 2015-06-30 00:37:10	1435624630	135410326	39.96997593	-74.90279092	1	4046.65944219
 2015-06-29 10:36:46	1435574206	463881741	39.9322014	-75.0307693	1	4036.9686555
 2015-06-29 10:18:17	1435573097	1688899231	39.9147606	-75.0081711	1	4039.28159237
 2015-06-29 15:18:49	1435591129	481691571	39.90163828	-75.01439434	-1	4039.0921965
 2015-06-29 17:31:15	1435599075	402388206	39.8715219	-75.0560349	1	4036.3839516
 2015-06-29 20:25:13	1435609513	1012623210	39.93793667	-75.12706117	1	4028.82397458
 2015-06-29 19:23:52	1435605832	402388206	39.8715485	-75.0560156	-1	4036.38489026
 2015-06-30 00:01:30	1435622490	1688899231	39.9147606	-75.0081711	1	4039.28159237
 2015-06-29 17:25:23	1435598723	249854777	39.81524	-75.25773	-1	4021.01525632
 2015-06-29 09:00:45	1435568445	97627232	39.817259	-75.260134	-1	4020.76467528
 2015-06-30 09:33:36	1435656816	111471361	39.36281	-74.42652	1	4102.00124153
 2015-07-01 01:59:19	1435715959	2399361074	39.34808496	-74.61737087	1	4086.46622188
 2015-06-30 10:33:23	1435660403	240911749	40.12186855	-74.7232906	-1	4057.78855661
 2015-06-30 11:26:17	1435663577	362194361	39.90322875	-74.83734827	1	4053.76603862
 2015-06-30 22:29:30	1435703370	143826566	39.94462833	-74.985455	1	4040.42426904
 2015-06-30 22:57:50	1435705070	25216873	40.03378795	-74.92080584	-1	4043.57951827
 2015-06-30 22:57:26	1435705046	276752366	39.89447054	-74.93841352	-1	4045.58693753
 2015-07-01 03:00:49	1435719649	421568706	39.99061696	-75.00020639	-1	4038.05617682
 2015-06-30 11:15:49	1435662949	1410518978	39.85298178	-75.01359267	1	4040.37812019
 2015-06-30 09:33:12	1435656792	230627154	39.95776	-75.0667	-1	4033.34770613
 2015-07-01 03:00:49	1435719649	421568706	39.99061696	-75.00020639	-1	4038.05617682
 2015-06-30 19:06:24	1435691184	1688899231	39.91541541	-75.00832715	1	4039.25227367
 2015-06-30 22:03:27	1435701807	230627154	39.95776	-75.0667	-1	4033.34770613
 2015-06-30 21:44:10	1435700650	16501346	39.94158665	-75.02555274	-1	4037.16844146
 2015-06-30 23:51:27	1435708287	1688899231	39.91541541	-75.00832715	1	4039.25227367
 2015-07-01 00:23:11	1435710191	42646073	39.95023433	-75.12819525	-1	4028.42470382
 2015-06-30 23:20:57	1435706457	747602760	39.90110605	-75.01499759	1	4039.0553593
 2015-07-01 00:31:44	1435710704	193859636	39.95047	-75.1283493	1	4028.40606106
 2015-07-01 00:38:56	1435711136	230627154	39.95776	-75.0667	1	4033.34770613
 2015-07-01 02:09:18	1435716558	1410518978	39.85298178	-75.01359267	1	4040.37812019
 2015-07-01 05:47:39	1435729659	230627154	39.95776	-75.0667	-1	4033.34770613
 2015-06-30 09:44:35	1435657475	249854777	39.81524	-75.25773	-1	4021.01525632
 2015-06-30 13:33:36	1435671216	591449365	39.6587657	-74.98707306	1	4047.51314127
 2015-06-30 20:00:21	1435694421	3256936662	39.713104	-75.120199	1	4035.03919983
 2015-07-01 09:56:00	1435744560	396134936	39.3279748	-74.5978952	1	4088.62903937
 2015-07-01 15:06:49	1435763209	1005174300	39.3748703	-74.44193654	1	4100.39231748
 2015-07-01 17:04:50	1435770290	2827731586	39.3539756	-74.4436735	1	4100.80637994
 2015-07-02 04:29:14	1435811354	24924781	40.99701378	-74.06031727	1	4091.61771285
 2015-07-01 17:59:58	1435773598	293036718	40.01170885	-74.96157484	1	4040.74152726
 2015-07-01 17:23:58	1435771438	476229894	40.16241548	-74.6889054	1	4059.63982659
 2015-07-01 07:40:27	1435736427	230627154	39.95776	-75.0667	1	4033.34770613
 2015-07-01 12:40:53	1435754453	402388206	39.8715743	-75.0560069	1	4036.3849676
 2015-07-01 18:01:37	1435773697	1410518978	39.85298178	-75.01359267	1	4040.37812019
 2015-07-01 21:48:58	1435787338	1579780070	39.9481292	-75.07274	-1	4033.08495438
 2015-07-01 23:51:56	1435794716	16671017	39.90206192	-75.04965826	1	4036.15042004
 2015-07-02 01:07:58	1435799278	145096415	39.934754	-74.985783	-1	4040.64312837
 2015-07-01 11:10:25	1435749025	948832982	39.71704414	-75.11165978	1	4035.65027615
 2015-07-01 09:54:46	1435744486	249854777	39.81524	-75.25773	-1	4021.01525632
 2015-07-01 19:30:16	1435779016	462545753	39.73205123	-75.13073881	-1	4033.68100684
 2015-07-01 22:47:34	1435790854	65117724	39.80677511	-75.25328111	-1	4021.59746552
 2015-07-01 16:39:46	1435768786	404910276	40.71013594	-75.17795373	1	4006.21408973
 2015-07-01 16:19:08	1435767548	3215063050	40.82572313	-74.97488105	1	4020.32333238
 2015-07-02 14:42:44	1435848164	408453165	39.4858839	-74.60464137	-1	4083.87628311
 2015-07-02 15:39:28	1435851568	1684593546	39.45331624	-74.64284804	-1	4081.54879517
 2015-07-02 09:34:12	1435829652	111471361	39.36281	-74.42652	-1	4102.00124153
 2015-07-02 18:32:28	1435861948	248414968	39.35528258	-74.43305123	1	4101.65779728
 2015-07-02 18:15:16	1435860916	14602265	39.38840211	-74.39827571	1	4103.67312903
 2015-07-02 21:33:54	1435872834	77138387	39.47202426	-74.53216715	-1	4090.28454223
 2015-07-02 21:07:42	1435871262	16926666	39.32996802	-74.49935468	1	4096.80215917
 2015-07-02 10:33:02	1435833182	240911749	40.12186855	-74.7232906	1	4057.78855661
 2015-07-03 04:18:30	1435897110	25863533	41.00279896	-74.19999428	-1	4080.0159666
 2015-07-02 11:26:43	1435836403	402388206	39.8715572	-75.0559501	1	4036.39011861
 2015-07-02 14:45:36	1435848336	19521569	39.92237898	-75.0915322	-1	4032.16344878
 2015-07-02 17:42:20	1435858940	133318766	39.8839764	-75.094793	1	4032.84987647
 2015-07-02 23:42:00	1435880520	402388206	39.8715648	-75.0560346	1	4036.38290228
 2015-07-02 23:01:12	1435878072	130231023	39.81981982	-75.06900991	-1	4036.60260501
 2015-07-02 23:34:56	1435880096	402388206	39.8715495	-75.0560015	1	4036.38603761
 2015-07-02 10:06:10	1435831570	249854777	39.81524	-75.25773	-1	4021.01525632
 2015-07-03 09:33:16	1435915996	111471361	39.36281	-74.42652	1	4102.00124153
 2015-07-04 00:07:38	1435968458	56303883	39.35447607	-74.43623543	1	4101.4136812
 2015-07-03 11:50:07	1435924207	1410518978	39.85298178	-75.01359267	1	4040.37812019
 2015-07-03 18:11:01	1435947061	1410518978	39.85298178	-75.01359267	1	4040.37812019
 2015-07-04 01:49:34	1435974574	24708891	39.93278679	-75.02769468	-1	4037.20956763
 2015-07-04 04:25:01	1435983901	756012218	39.75924136	-74.98773279	1	4044.8961005
 2015-07-03 14:57:36	1435935456	57393037	40.7583	-74.9797	1	4021.46207821
 2015-07-04 17:05:58	1436029558	545130055	39.3596191	-74.4631195	1	4099.03257641
 2015-07-05 03:26:36	1436066796	2661433883	39.3860114	-74.4027027	1	4103.36772924
 2015-07-05 03:14:16	1436066056	1536864126	39.30150118	-74.5569334	-1	4092.75811828
 2015-07-05 05:52:17	1436075537	2873566570	39.3552094	-74.4416122	1	4100.94535707
 2015-07-04 17:42:34	1436031754	264318331	39.87093981	-74.8146736	1	4056.46340646
 2015-07-04 12:54:31	1436014471	1324610700	39.79083845	-75.00175799	-1	4042.92868044
 2015-07-04 22:33:01	1436049181	280557694	39.91541489	-75.0083261	1	4039.25237391
 2015-07-04 22:12:47	1436047967	49770867	39.69214062	-75.17513732	1	4030.9957968
 2015-07-05 19:17:14	1436123834	16709580	39.36119843	-74.43966675	-1	4100.94737306
 2015-07-05 23:09:50	1436137790	616273315	39.89788437	-74.91181456	-1	4047.71199475
 2015-07-05 19:15:10	1436123710	1324878403	39.9025	-74.9884	1	4041.23122552
 2015-07-06 05:10:37	1436159437	35268311	40.73873874	-74.24145719	1	4082.73666992
 2015-07-06 09:36:31	1436175391	111471361	39.36281	-74.42652	1	4102.00124153
 2015-07-06 18:40:47	1436208047	197440689	39.35452384	-74.43619178	-1	4101.41604436
 2015-07-06 22:18:02	1436221082	1373470160	39.38459404	-74.4296752	1	4101.15545916
 2015-07-07 01:15:51	1436231751	703868028	40.798229	-74.125645	1	4090.87129477
 2015-07-06 11:53:37	1436183617	26877080	40.014027	-74.963958	1	4040.48626811
 2015-07-06 10:30:10	1436178610	240911749	40.12157779	-74.72393074	-1	4057.74265756
 2015-07-06 20:01:35	1436212895	365767211	39.9705877	-74.88022392	-1	4048.51837668
 2015-07-06 17:22:54	1436203374	439327242	39.91757022	-74.98874596	1	4040.82577179
 2015-07-07 00:44:41	1436229881	564017587	39.8869671	-75.1214066	-1	4030.56243564
 2015-07-06 21:18:33	1436217513	2780656534	39.7014338	-75.10390078	1	4036.69306908
