 2014-08-24 07:14:01	1408864441	1286965100	39.2033	-120.0823	1	221.084365792
 2014-08-24 08:55:08	1408870508	362523555	36.7392	-121.4147	1	184.880053198
 2014-08-24 10:21:42	1408875702	341735855	37.27364162	-121.80047006	-1	116.659246577
 2014-08-24 10:21:46	1408875706	4602	37.30617174	-121.9481551	-1	108.823570317
 2014-08-24 10:21:51	1408875711	837173065	37.31985022	-121.98754593	-1	106.3881983
 2014-08-24 10:21:39	1408875699	2350122217	37.32603288	-121.83804036	-1	110.007508072
 2014-08-24 10:21:48	1408875708	71378392	37.32168803	-122.06969119	-1	104.4796387
 2014-08-24 10:21:42	1408875702	571953721	37.33863878	-121.87764399	1	107.423068416
 2014-08-24 10:21:43	1408875703	333868924	37.37301574	-121.8923792	-1	103.387072145
 2014-08-24 10:21:41	1408875701	855970824	37.31249201	-121.98136398	-1	107.323097782
 2014-08-24 10:21:47	1408875707	63654763	37.32599357	-121.84450592	-1	109.797331815
 2014-08-24 10:22:01	1408875721	1663836642	37.31751887	-121.80317441	-1	112.07391647
 2014-08-24 10:21:58	1408875718	341735855	37.27367603	-121.80079261	1	116.644768428
 2014-08-24 10:21:52	1408875712	1305626611	37.2934622	-121.8166745	-1	114.074936504
 2014-08-24 10:22:00	1408875720	466185288	37.26805619	-121.87009194	1	115.020401276
 2014-08-24 10:22:07	1408875727	277618799	37.3508255	-122.05794487	1	101.532087197
 2014-08-24 10:22:10	1408875730	22876911	37.35511384	-121.83380482	1	107.164905246
 2014-08-24 10:22:03	1408875723	6020282	37.35825148	-121.99869995	-1	102.010096853
 2014-08-24 10:22:18	1408875738	41750995	37.35087771	-122.03385612	-1	102.014154869
 2014-08-24 10:22:14	1408875734	514548723	37.2943543	-121.9673795	-1	109.600660531
 2014-08-24 10:22:13	1408875733	521078533	37.31272624	-121.82335589	-1	111.869276438
 2014-08-24 10:22:25	1408875745	552343346	37.2792203	-121.8180346	1	115.496355141
 2014-08-24 10:22:22	1408875742	391880722	37.27882669	-121.84765114	1	114.582258738
 2014-08-24 10:22:27	1408875747	7431672	37.3095991	-121.9846016	-1	107.556224494
 2014-08-24 10:22:27	1408875747	55718382	37.28537742	-121.83583491	1	114.278441877
 2014-08-24 10:22:20	1408875740	109728456	37.36250807	-121.84547578	1	106.007082251
 2014-08-24 10:22:29	1408875749	94765815	37.32010785	-122.0356109	1	105.303986315
 2014-08-24 10:22:28	1408875748	360304339	37.3129935	-121.8793646	-1	110.042434579
 2014-08-24 10:22:31	1408875751	480036065	37.3231238	-121.9225259	-1	107.718388403
 2014-08-24 10:22:37	1408875757	64546390	37.29846387	-121.94750031	1	109.660244945
 2014-08-24 10:22:35	1408875755	612190949	37.27397187	-121.89081081	-1	113.794367682
 2014-08-24 10:22:49	1408875769	32302375	37.33551637	-121.90826146	-1	106.822668815
 2014-08-24 10:22:52	1408875772	14400532	37.3019383	-122.2673324	-1	104.54419341
 2014-08-24 10:22:47	1408875767	153709073	37.2626448	-121.9024585	-1	114.660409024
 2014-08-24 10:22:50	1408875770	5131	37.36126964	-121.84541686	-1	106.136188682
 2014-08-24 10:22:50	1408875770	996479376	37.24451279	-121.91769402	1	116.16965302
 2014-08-24 10:22:57	1408875777	403930348	37.32114199	-121.83045231	-1	110.764914417
 2014-08-24 10:22:57	1408875777	10219502	37.28000856	-121.88023486	-1	113.467680038
 2014-08-24 10:23:00	1408875780	675603	37.05015104	-122.02599322	-1	134.850596503
 2014-08-24 10:23:05	1408875785	395640021	37.26253929	-121.80687536	1	117.586127008
 2014-08-24 10:23:06	1408875786	306415253	37.30151639	-121.89620968	-1	110.74329411
 2014-08-24 10:23:06	1408875786	333868924	37.37298303	-121.89239212	-1	103.390066735
 2014-08-24 10:23:07	1408875787	14223434	37.3652692	-122.0190554	1	100.786035311
 2014-08-24 10:23:11	1408875791	2228210185	37.3376247	-121.8848623	-1	107.304620003
 2014-08-24 10:23:07	1408875787	364691947	37.3110524	-121.76615984	-1	114.06573726
 2014-08-24 10:23:18	1408875798	20067115	37.36581401	-122.10340354	1	99.0880296137
 2014-08-24 10:23:15	1408875795	570552812	37.32659509	-121.84952224	-1	109.570704018
 2014-08-24 10:23:15	1408875795	259966107	37.3336181	-121.9934427	-1	104.77368058
 2014-08-24 10:23:31	1408875811	83749630	37.3668066	-122.15122632	-1	98.2853600502
 2014-08-24 10:23:32	1408875812	292025491	37.33956634	-121.94014963	1	105.494679381
 2014-08-24 10:23:30	1408875810	51319609	37.36426064	-121.83677453	-1	106.126182185
 2014-08-24 10:23:37	1408875817	555742290	37.33055554	-121.79005665	-1	111.216181346
 2014-08-24 10:23:37	1408875817	14092498	37.34983513	-121.99497132	1	103.000126244
 2014-08-24 10:23:42	1408875822	352694527	37.33272008	-121.87705725	1	108.057141114
 2014-08-24 10:23:44	1408875824	502437057	37.2860514	-121.76097991	-1	116.784680486
 2014-08-24 10:23:38	1408875818	1730296039	37.0247684	-121.61110028	1	148.730128471
 2014-08-24 10:23:45	1408875825	18706724	37.29846046	-121.92391923	1	110.285291536
 2014-08-24 10:23:48	1408875828	1106981018	37.23006641	-121.80465683	1	121.011805344
 2014-08-24 10:23:45	1408875825	29410830	37.36936568	-122.0096263	-1	100.561831682
 2014-08-24 10:23:48	1408875828	1082681838	37.285526	-121.81730244	1	114.87080684
 2014-08-24 10:23:53	1408875833	930044245	37.27145805	-121.83934802	-1	115.609531891
 2014-08-24 10:23:57	1408875837	2257103024	36.9818316	-122.0148998	1	142.498822941
 2014-08-24 10:24:00	1408875840	1465251740	37.3394713	-121.79481396	-1	110.139521348
 2014-08-24 10:23:54	1408875834	18769920	37.281016	-121.908052	-1	112.56540535
 2014-08-24 10:23:56	1408875836	85606244	37.32633657	-121.88757906	-1	108.399546178
 2014-08-24 10:23:58	1408875838	514548723	37.2944692	-121.9673362	-1	109.589432398
 2014-08-24 10:24:06	1408875846	25944887	37.3370078	-121.92706481	1	106.126956321
 2014-08-24 10:24:02	1408875842	35851300	37.3615157	-122.00443987	1	101.524813692
 2014-08-24 10:24:01	1408875841	16318984	37.35078732	-121.99473929	-1	102.903704202
 2014-08-24 10:24:05	1408875845	1013934960	37.37334042	-122.0923609	-1	98.4518612739
 2014-08-24 10:24:11	1408875851	392460446	37.27354309	-121.75156686	-1	118.395412079
 2014-08-24 10:24:08	1408875848	342474511	37.3301768	-121.80523007	-1	110.710690149
 2014-08-24 10:24:09	1408875849	29747526	37.34639285	-121.89961843	1	105.93993714
 2014-08-24 10:24:15	1408875855	41750995	37.35082097	-122.03391924	1	102.018949245
 2014-08-24 10:24:22	1408875862	54463831	37.31878473	-121.78127755	1	112.728461101
 2014-08-24 10:24:16	1408875856	1621019076	37.28482965	-121.90274964	-1	112.311599559
 2014-08-24 10:24:29	1408875869	153709073	37.2627069	-121.9024992	-1	114.652723994
 2014-08-24 10:24:36	1408875876	491834102	37.3732858	-122.0645326	-1	98.9677322222
 2014-08-24 10:24:34	1408875874	594059393	37.3270137	-121.8828133	-1	108.47399299
 2014-08-24 10:24:43	1408875883	14982069	37.34507388	-121.97919136	1	103.892738917
 2014-08-24 10:24:43	1408875883	14277600	37.37253975	-122.01920171	1	100.001115327
 2014-08-24 10:24:50	1408875890	341735855	37.27361484	-121.80078565	1	116.651288687
 2014-08-24 10:24:54	1408875894	153709073	37.262705	-121.9024655	1	114.653856874
 2014-08-24 10:24:56	1408875896	17261953	37.29613177	-121.88003059	-1	111.784861176
 2014-08-24 10:25:14	1408875914	47698395	37.3193259	-121.99394585	1	106.294724404
 2014-08-24 10:25:19	1408875919	127359482	37.33204387	-121.88355795	1	107.926541089
 2014-08-24 10:25:27	1408875927	44919902	37.32142727	-121.88453738	-1	109.004563833
 2014-08-24 10:25:25	1408875925	11519642	37.36753604	-122.00485101	1	100.869829328
 2014-08-24 10:25:25	1408875925	164758769	37.35282039	-121.9986279	-1	102.593589534
 2014-08-24 10:25:30	1408875930	55718382	37.28538701	-121.8359109	1	114.274998357
 2014-08-24 10:25:42	1408875942	14223434	37.3652745	-122.0190079	-1	100.786534083
 2014-08-24 10:25:38	1408875938	855970824	37.31263503	-121.98124568	1	107.310607009
 2014-08-24 10:25:38	1408875938	347713923	37.35342204	-121.84259008	-1	107.037825903
 2014-08-24 10:25:53	1408875953	26149168	37.36031532	-121.83993735	1	106.421166003
 2014-08-24 10:25:51	1408875951	50522038	36.97594722	-122.01187257	-1	143.191308321
 2014-08-24 10:26:02	1408875962	15355149	37.3281649	-121.8861915	-1	108.250740574
 2014-08-24 10:26:02	1408875962	465759363	37.34833841	-122.03651556	1	102.232622337
 2014-08-24 10:26:06	1408875966	948203804	37.09618958	-121.6429214	-1	140.332404341
 2014-08-24 10:26:24	1408875984	197796433	37.3307457	-121.8754266	1	108.313408086
 2014-08-24 10:26:15	1408875975	425614175	37.34306734	-121.88458706	-1	106.746056146
 2014-08-24 10:26:26	1408875986	224558317	37.09847394	-122.11255318	1	128.308286434
 2014-08-24 10:26:25	1408875985	353399758	36.81641337	-119.75552366	1	275.593985617
 2014-08-24 10:26:37	1408875997	35851300	37.36152988	-122.00425638	1	101.527596719
 2014-08-24 10:26:38	1408875998	391880722	37.27883508	-121.84751025	1	114.585806833
 2014-08-24 10:26:49	1408876009	225253874	37.36919146	-121.82097975	-1	106.179017007
 2014-08-24 10:26:51	1408876011	19103612	37.36371196	-122.05127685	-1	100.267157793
 2014-08-24 10:26:47	1408876007	259966107	37.3336181	-121.9934427	-1	104.77368058
 2014-08-24 10:26:56	1408876016	465109337	37.26137698	-121.80836296	-1	117.656547445
 2014-08-24 10:27:09	1408876029	2200609441	37.24022255	-121.86034603	1	118.225442123
 2014-08-24 10:27:15	1408876035	455053054	37.37123485	-121.82102089	1	105.96979241
 2014-08-24 10:27:19	1408876039	193482885	37.36396161	-122.02120288	-1	100.878569278
 2014-08-24 10:27:26	1408876046	43357385	37.37047603	-122.02046033	-1	100.194533743
 2014-08-24 10:27:34	1408876054	252349869	37.2697672	-121.96381427	-1	112.316736497
 2014-08-24 10:27:45	1408876065	2350122217	37.32603886	-121.83820056	-1	110.00155359
 2014-08-24 10:27:41	1408876061	9624612	37.35127816	-121.89125338	-1	105.684708894
 2014-08-24 10:27:52	1408876072	756293178	37.35095659	-121.97317315	-1	103.416371855
 2014-08-24 10:27:48	1408876068	1692481532	36.96396724	-122.05851442	1	143.803943593
 2014-08-24 10:27:54	1408876074	341735855	37.27355856	-121.80073963	-1	116.658629671
 2014-08-24 10:27:47	1408876067	285518944	37.32106368	-121.99811856	-1	106.012000658
 2014-08-24 10:27:52	1408876072	391880722	37.27877272	-121.84760452	1	114.58933256
 2014-08-24 10:28:22	1408876102	427870994	37.30572692	-122.03614748	-1	106.850126944
 2014-08-24 10:28:32	1408876112	312412769	37.31624867	-121.78084777	1	113.001117258
 2014-08-24 10:28:37	1408876117	84506465	37.30332169	-121.90090631	1	110.417685552
 2014-08-24 10:28:50	1408876130	1113081206	37.28853949	-121.91425198	-1	111.599185588
 2014-08-24 10:29:08	1408876148	20067115	37.36581506	-122.10341502	1	99.0877276075
 2014-08-24 10:29:07	1408876147	509692391	37.3577696	-121.8653634	-1	105.832129874
 2014-08-24 10:29:31	1408876171	1321628407	37.32634007	-121.79920705	-1	111.315306556
 2014-08-24 10:29:42	1408876182	97142520	37.27593478	-121.81335541	-1	115.990312389
 2014-08-24 10:29:36	1408876176	2200609441	37.24019669	-121.86038702	1	118.226939444
 2014-08-24 10:29:35	1408876175	457319633	37.30068058	-121.95286482	-1	109.287021098
 2014-08-24 10:29:47	1408876187	2560450824	37.23112676	-121.83311666	1	119.999729596
 2014-08-24 10:30:07	1408876207	347713923	37.35356102	-121.84259049	-1	107.023541015
 2014-08-24 10:30:10	1408876210	7393392	37.25663076	-121.82914314	1	117.472453253
 2014-08-24 10:30:02	1408876202	217951828	37.31531532	-122.06674332	1	105.226499741
 2014-08-24 10:30:12	1408876212	17928325	37.37204853	-121.91907235	-1	102.674031529
 2014-08-24 10:30:32	1408876232	37636664	37.32106119	-121.99852337	-1	106.002993034
 2014-08-24 10:30:37	1408876237	756293178	37.35118013	-121.97312906	1	103.393678228
 2014-08-24 10:30:43	1408876243	19258511	37.06328666	-122.07105802	-1	132.722057351
 2014-08-24 10:30:54	1408876254	103983157	37.27740767	-121.76189314	1	117.627748616
 2014-08-24 10:31:15	1408876275	1363176446	37.32101599	-122.03103516	1	105.299553183
 2014-08-24 10:31:22	1408876282	24852028	37.3381196	-121.864396	1	107.896725516
 2014-08-24 10:31:18	1408876278	10219502	37.27977499	-121.88019689	1	113.493288591
 2014-08-24 10:31:29	1408876289	277618799	37.35065807	-122.05813581	-1	101.546553456
 2014-08-24 10:31:36	1408876296	1317864907	37.31704425	-121.76415011	-1	113.535884261
 2014-08-24 10:31:39	1408876299	229289720	37.35174958	-121.89224327	1	105.605109874
 2014-08-24 10:32:08	1408876328	16638146	37.31347854	-121.94895113	-1	108.026195992
 2014-08-24 10:32:18	1408876338	27815326	37.3545616	-121.88193697	1	105.633140195
 2014-08-24 10:32:11	1408876331	54463831	37.31887582	-121.78139176	-1	112.715072049
 2014-08-24 10:32:43	1408876363	17669153	37.2658558	-121.9347573	1	113.457259953
 2014-08-24 10:32:46	1408876366	155614807	37.28578867	-121.9592918	-1	110.714065986
 2014-08-24 10:33:02	1408876382	107654923	37.2992859	-121.9622544	1	109.199828547
 2014-08-24 10:33:06	1408876386	10426652	36.97061637	-122.02821418	1	143.515605255
 2014-08-24 10:32:57	1408876377	1656467508	37.25312945	-121.83666386	-1	117.598813487
 2014-08-24 10:33:06	1408876386	26149168	37.36045359	-121.83972112	-1	106.414415081
 2014-08-24 10:33:26	1408876406	224893728	37.25632884	-122.04418983	1	112.056367355
 2014-08-24 10:33:50	1408876430	91215601	37.32994278	-121.88707251	-1	108.038316754
 2014-08-24 10:34:25	1408876465	308860209	37.32959906	-121.86640018	-1	108.716419831
 2014-08-24 10:34:43	1408876483	18384771	37.33128906	-121.80162858	-1	110.725386438
 2014-08-24 10:34:31	1408876471	140731497	37.35875399	-122.01946612	-1	101.477624384
 2014-08-24 10:34:33	1408876473	86672294	37.37010409	-122.0809637	-1	99.0059344545
 2014-08-24 10:34:54	1408876494	147599631	37.2948434	-122.0292381	-1	108.167642134
 2014-08-24 10:35:14	1408876514	1621019076	37.28481256	-121.90275184	1	112.313338611
 2014-08-24 10:35:10	1408876510	59349996	37.36534253	-122.01189654	-1	100.941045781
 2014-08-24 10:35:12	1408876512	35851300	37.36153149	-122.00413054	1	101.530376744
 2014-08-24 10:35:30	1408876530	781639459	37.3446708	-121.824583	-1	108.552592662
 2014-08-24 10:35:25	1408876525	542086542	37.2405391	-121.79638172	1	120.202180542
 2014-08-24 10:35:41	1408876541	437223008	37.68070556	-121.04123267	-1	127.728851387
 2014-08-24 10:35:56	1408876556	49107973	37.24898294	-121.85602466	-1	117.437207459
 2014-08-24 10:36:30	1408876590	1621019076	37.28480112	-121.90276056	1	112.314298281
 2014-08-24 10:36:42	1408876602	2538665287	37.32526618	-121.83954039	-1	110.036585994
 2014-08-24 10:37:41	1408876661	430818507	36.96533238	-121.84061193	-1	147.867801462
 2014-08-24 10:37:33	1408876653	1730296039	37.02478405	-121.61129437	-1	148.721443483
 2014-08-24 10:38:02	1408876682	95746393	37.30532505	-121.97541389	1	108.232815923
 2014-08-24 10:38:15	1408876695	565107871	37.3131837	-121.9089751	-1	109.148857498
 2014-08-24 10:38:23	1408876703	1429358400	37.34460269	-121.8220086	-1	108.649145234
 2014-08-24 10:38:47	1408876727	277618799	37.35063648	-122.05807261	1	101.550119637
 2014-08-24 10:39:13	1408876753	259966107	37.3336181	-121.9934427	1	104.77368058
 2014-08-24 10:39:28	1408876768	633176431	37.33512845	-121.89555751	1	107.239901549
 2014-08-24 10:39:51	1408876791	16343435	37.3097861	-121.8981925	-1	109.817259934
 2014-08-24 10:39:37	1408876777	2489479263	37.31530353	-121.97176878	1	107.254681625
 2014-08-24 10:40:10	1408876810	711409466	36.34422489	-119.30986237	-1	339.186849044
 2014-08-24 10:40:26	1408876826	1363176446	37.32099271	-122.03102896	1	105.302198245
 2014-08-24 10:40:46	1408876846	6210762	37.34584579	-121.97493651	-1	103.91654399
 2014-08-24 10:41:05	1408876865	352694527	37.33454648	-121.87807813	1	107.835278951
 2014-08-24 10:41:00	1408876860	132062287	39.30580698	-123.79599297	1	174.750246922
 2014-08-24 10:41:02	1408876862	22557591	37.33045969	-121.90435366	-1	107.467665078
 2014-08-24 10:41:23	1408876883	242194938	37.24316703	-121.85612775	-1	118.042567873
 2014-08-24 10:41:21	1408876881	2203640202	37.3332647	-121.88513962	1	107.750699803
 2014-08-24 10:41:59	1408876919	56148464	37.33588968	-121.90867135	-1	106.771510701
 2014-08-24 10:41:54	1408876914	4602	37.30625829	-121.94810716	1	108.815608886
 2014-08-24 10:42:41	1408876961	1233525522	37.06011171	-120.81844946	-1	185.906483933
 2014-08-24 10:42:55	1408876975	6826842	37.2977676	-122.0406269	-1	107.624217462
 2014-08-24 10:43:04	1408876984	190560880	36.97133112	-122.01893027	-1	143.582516878
 2014-08-24 10:43:28	1408877008	53411858	37.37236665	-121.88051599	1	103.831193529
 2014-08-24 10:43:22	1408877002	26149168	37.36072117	-121.83970702	-1	106.387480571
 2014-08-24 10:43:44	1408877024	1897036255	37.3662289	-121.91099675	1	103.523774294
 2014-08-24 10:43:50	1408877030	277618799	37.35053046	-122.05803549	1	101.562340977
 2014-08-24 10:44:12	1408877052	781639459	37.3446898	-121.8245881	-1	108.550472685
 2014-08-24 10:44:00	1408877040	259966107	37.3336181	-121.9934427	1	104.77368058
 2014-08-24 10:44:08	1408877048	296033369	37.34503802	-121.89159112	-1	106.325054325
 2014-08-24 10:44:42	1408877082	2489479263	37.31541367	-121.97175579	-1	107.243235487
 2014-08-24 10:44:30	1408877070	341735855	37.27362134	-121.8007776	1	116.650894208
 2014-08-24 10:44:41	1408877081	32375743	37.329473	-121.8970972	1	107.785615502
 2014-08-24 10:45:31	1408877131	341735855	37.27362792	-121.8007828	-1	116.650042054
 2014-08-24 10:45:44	1408877144	74283988	37.2657598	-121.8151519	1	116.980272546
 2014-08-24 10:45:31	1408877131	192462933	37.357217	-121.833865	1	106.947559078
 2014-08-24 10:45:57	1408877157	38397233	37.3570483	-121.9969136	1	102.181481114
 2014-08-24 10:46:18	1408877178	529162824	37.3201217	-121.8395047	-1	110.568121241
 2014-08-24 10:46:33	1408877193	240958008	37.32212234	-121.91379936	-1	108.070421395
 2014-08-24 10:46:33	1408877193	190560880	36.97132723	-122.01901375	1	143.581616863
 2014-08-24 10:46:54	1408877214	292025491	37.33872094	-121.94027016	-1	105.580817483
 2014-08-24 10:47:11	1408877231	896703414	37.36496924	-122.03539579	1	100.460383884
 2014-08-24 10:47:35	1408877255	17942280	37.315519	-121.895878	-1	109.283680224
 2014-08-24 10:47:42	1408877262	76143456	37.36812791	-122.11180924	-1	98.7003740681
 2014-08-24 10:48:14	1408877294	36208026	37.30384892	-121.92190864	-1	109.770581299
 2014-08-24 10:48:42	1408877322	269937984	37.30414725	-121.89980414	1	110.362724562
 2014-08-24 10:49:25	1408877365	34955229	37.3290413	-121.8889107	-1	108.076656184
 2014-08-24 10:50:58	1408877458	140993495	37.32155174	-122.03206097	-1	105.220456028
 2014-08-24 10:52:08	1408877528	1656467508	37.25294643	-121.83678945	-1	117.613919967
 2014-08-24 10:52:37	1408877557	78500450	37.35311494	-121.81661378	1	107.970574742
 2014-08-24 10:52:16	1408877536	259966107	37.3336181	-121.9934427	-1	104.77368058
 2014-08-24 10:54:15	1408877655	457237907	37.35740282	-122.09058761	1	100.220657383
 2014-08-24 10:54:41	1408877681	47848153	37.2504872	-121.80687527	1	118.829104046
 2014-08-24 10:54:46	1408877686	370715827	37.34321109	-122.0326297	1	102.867914523
 2014-08-24 10:55:02	1408877702	515939837	37.3228	-122.002	1	105.736916621
 2014-08-24 10:55:26	1408877726	17920581	39.43163022	-120.02556987	1	238.233262353
 2014-08-24 10:55:44	1408877744	269937984	37.30400946	-121.90017483	-1	110.366494329
 2014-08-24 10:55:33	1408877733	87332186	37.27357256	-121.90632191	-1	113.399336215
 2014-08-24 10:56:30	1408877790	260590235	37.26717893	-121.97955603	1	112.224555321
 2014-08-24 10:56:54	1408877814	607369200	37.31720767	-121.90922993	1	108.718205042
 2014-08-24 10:58:26	1408877906	277618799	37.350647	-122.058128	1	101.547905708
 2014-08-24 10:58:53	1408877933	269937984	37.3039066	-121.89973882	-1	110.389902336
 2014-08-24 11:00:34	1408878034	185448870	36.98605781	-122.01114639	-1	142.09826061
 2014-08-24 11:00:50	1408878050	781639459	37.3447295	-121.8245924	-1	108.546263782
 2014-08-24 11:02:04	1408878124	172472073	37.3139903	-121.95242937	-1	107.881670013
 2014-08-24 11:02:39	1408878159	12128462	37.32622076	-122.00696633	1	105.257052302
 2014-08-24 11:02:57	1408878177	888364116	37.32938396	-121.89084835	-1	107.982270863
 2014-08-24 11:03:32	1408878212	1002702498	37.2242882	-121.88664056	-1	119.149423765
 2014-08-24 11:03:52	1408878232	426270514	37.27424432	-121.84867002	-1	115.027032165
 2014-08-24 11:04:31	1408878271	28608706	37.3113368	-121.90876963	-1	109.349088824
 2014-08-24 11:04:37	1408878277	269937984	37.30397005	-121.89986143	1	110.379690547
 2014-08-24 11:08:31	1408878511	296033369	37.34521039	-121.89179502	-1	106.300835453
 2014-08-24 11:09:35	1408878575	1468779006	37.3139174	-121.8084949	-1	112.256117029
 2014-08-24 11:09:55	1408878595	26494851	37.31002993	-121.87721813	1	110.417178522
 2014-08-24 11:10:06	1408878606	199877699	37.22233447	-122.00078476	1	116.594138419
 2014-08-24 11:10:09	1408878609	362523555	36.3838	-120.9563	1	238.862903271
 2014-08-24 11:10:14	1408878614	1061257590	37.3619662	-121.8290627	1	106.629206926
 2014-08-24 11:10:08	1408878608	54474466	37.25396612	-121.88220943	-1	116.145529544
 2014-08-24 11:11:03	1408878663	199877699	37.22233379	-122.00078967	1	116.594110322
 2014-08-24 11:12:06	1408878726	794565326	37.32895184	-121.82911531	1	110.00760184
 2014-08-24 11:13:27	1408878807	2257898534	37.225662	-121.786983	1	122.0478726
 2014-08-24 11:14:01	1408878841	1574577804	36.6758627	-121.6604538	-1	183.358406338
 2014-08-24 11:14:33	1408878873	1526164801	37.231989	-121.7946625	1	121.14074234
 2014-08-24 11:15:37	1408878937	337984225	37.29850934	-121.96324781	-1	109.258130997
 2014-08-24 11:17:29	1408879049	54463831	37.34240127	-121.92630031	1	105.580012295
 2014-08-24 11:18:02	1408879082	26965705	37.35294645	-121.82127387	1	107.82308306
 2014-08-24 11:18:16	1408879096	144540333	37.3108721	-121.9122105	-1	109.300211598
 2014-08-24 11:18:40	1408879120	22876911	37.3550765	-121.83382695	1	107.167964275
 2014-08-24 11:19:22	1408879162	103983157	37.27736386	-121.76176487	1	117.636836595
 2014-08-24 11:20:26	1408879226	1361141876	39.23579721	-120.07599265	-1	223.29137445
 2014-08-24 11:24:14	1408879454	1363176446	37.32098448	-122.03100957	1	105.303488772
 2014-08-24 11:24:33	1408879473	1363176446	37.32099253	-122.03103037	1	105.302188565
 2014-08-24 11:24:31	1408879471	15871680	37.36542533	-121.83786254	-1	105.969363605
 2014-08-24 11:25:43	1408879543	14400532	37.3019607	-122.2673536	1	104.541633207
 2014-08-24 11:28:08	1408879688	325627831	37.24165234	-121.81062509	-1	119.619503348
 2014-08-24 11:27:56	1408879676	21411165	37.28625066	-121.93803919	-1	111.203769497
 2014-08-24 11:29:51	1408879791	14400532	37.3019558	-122.2673536	1	104.542177669
 2014-08-24 11:31:00	1408879860	12264492	37.35930736	-122.05141347	-1	100.741373341
 2014-08-24 11:31:10	1408879870	23901596	37.3157997	-121.8280132	1	111.39634633
 2014-08-24 11:33:27	1408880007	269937984	37.30375065	-121.89989039	1	110.401911191
 2014-08-24 11:34:27	1408880067	598686645	37.24113162	-121.80503761	1	119.855519035
 2014-08-24 11:34:04	1408880044	12264492	37.35922483	-122.05147538	-1	100.749071755
 2014-08-24 11:34:56	1408880096	1363176446	37.32098307	-122.03103558	1	105.303103667
 2014-08-24 11:35:44	1408880144	1363176446	37.3209919	-122.03102322	1	105.302404446
 2014-08-24 11:47:53	1408880873	185448870	36.98617652	-122.01104165	-1	142.087014998
 2014-08-24 11:49:46	1408880986	2322772028	37.34385502	-122.11880966	-1	101.252123905
 2014-08-24 11:57:27	1408881447	1363176446	37.32078945	-122.03105489	-1	105.323638171
 2014-08-24 11:57:34	1408881454	1363176446	37.32086518	-122.03100292	1	105.316524377
 2014-08-24 11:59:52	1408881592	1363176446	37.32098056	-122.03101784	1	105.303741663
 2014-08-24 11:59:39	1408881579	2468529067	37.35126282	-121.80281541	1	108.653590505
 2014-08-24 12:02:44	1408881764	998285665	37.13372092	-121.62576942	-1	137.208436854
 2014-08-24 12:02:53	1408881773	598686645	37.23724115	-121.80391688	1	120.294145565
 2014-08-24 12:09:15	1408882155	111148655	38.72944446	-120.79517248	-1	142.803959511
 2014-08-24 12:13:44	1408882424	2151215012	37.3157418	-121.9543583	-1	107.645667675
 2014-08-24 12:17:02	1408882622	1490855678	37.34878513	-121.81648739	-1	108.416182976
 2014-08-24 12:31:24	1408883484	438838360	37.2853668	-121.9245214	1	111.655180894
 2014-08-24 12:33:30	1408883610	104681322	37.32869777	-121.85755905	-1	109.092490239
 2014-08-24 12:41:41	1408884101	2686584102	37.3379816	-121.877957	1	107.481638812
 2014-08-24 12:46:52	1408884412	28526735	37.06497988	-122.00452604	1	133.601787173
 2014-08-24 12:47:50	1408884470	183864664	36.59296143	-121.87383158	-1	187.356561075
 2014-08-24 12:49:26	1408884566	2686584102	37.3347492	-121.87660649	-1	107.860069643
 2014-08-24 12:50:57	1408884657	737911014	39.01191162	-120.97439057	-1	144.419774347
 2014-08-24 12:55:07	1408884907	26909778	37.01129872	-122.03329113	-1	138.982629338
 2014-08-24 13:00:41	1408885241	455260911	37.13329753	-121.68121703	-1	135.172798374
 2014-08-24 13:04:07	1408885447	249496407	37.2570803	-121.8288143	1	117.436284498
 2014-08-24 13:01:17	1408885277	208839036	36.76388495	-119.75084715	-1	279.389903009
 2014-08-24 13:07:49	1408885669	276883922	36.7326586	-119.7931623	1	278.494581084
 2014-08-24 13:14:17	1408886057	104937383	37.34917372	-122.04802413	1	101.906763402
 2014-08-24 13:18:51	1408886331	5501972	39.33629622	-120.14686433	1	223.736392906
 2014-08-24 13:19:36	1408886376	2593355252	37.33492729	-121.9074916	-1	106.907005858
 2014-08-24 13:21:35	1408886495	1363176446	37.32102615	-122.03108135	1	105.297500196
 2014-08-24 13:24:30	1408886670	946981519	37.25457032	-121.81587777	-1	118.11269647
 2014-08-24 13:33:54	1408887234	57573091	39.167687	-123.217462	-1	129.497489492
 2014-08-24 13:40:37	1408887637	1592765539	37.26055697	-121.79952241	-1	118.036054088
 2014-08-24 13:41:48	1408887708	11946622	37.32275199	-121.92201337	-1	107.771952737
 2014-08-24 13:44:12	1408887852	140993495	37.32142844	-122.03170666	1	105.241093597
 2014-08-24 13:57:06	1408888626	24791736	39.76071894	-121.84855315	1	173.633664484
 2014-08-24 14:03:43	1408889023	2369888654	37.3272854	-122.05017563	-1	104.236570576
 2014-08-24 14:03:14	1408888994	160330475	37.34136587	-122.04008077	-1	102.912787053
 2014-08-24 14:05:29	1408889129	32155129	36.94330512	-120.85662436	-1	193.118482355
 2014-08-24 14:08:01	1408889281	194361266	37.2489846	-121.9068653	1	115.984396583
 2014-08-24 14:09:17	1408889357	14336816	37.23309787	-121.96033497	1	116.327566994
 2014-08-24 14:08:28	1408889308	147344543	37.361888	-121.906769	-1	104.104705002
 2014-08-24 14:10:33	1408889433	416766833	37.3299761	-121.90580813	1	107.475789094
 2014-08-24 14:11:03	1408889463	238765789	37.31969163	-121.97242222	-1	106.76992314
 2014-08-24 14:12:06	1408889526	147344543	37.36189677	-121.90676314	1	104.103964571
 2014-08-24 14:13:27	1408889607	564026632	36.96564362	-122.01936864	-1	144.197867278
 2014-08-24 14:15:46	1408889746	48266765	36.81015909	-119.75187586	-1	276.264873418
 2014-08-24 14:17:17	1408889837	500501458	37.3610274	-121.90855723	1	104.140994908
 2014-08-24 14:17:20	1408889840	1305529488	37.3025216	-121.965825	1	108.766100697
 2014-08-24 14:20:23	1408890023	263518149	37.33083377	-121.90942309	-1	107.280409575
 2014-08-24 14:21:43	1408890103	29924741	36.7558014	-119.8007129	1	276.390525733
 2014-08-24 14:23:22	1408890202	25939259	37.3416032	-120.5906142	1	181.413566513
 2014-08-24 14:26:34	1408890394	300064479	38.9306488	-119.987804	1	216.120473045
 2014-08-24 14:26:36	1408890396	2432452728	37.33406375	-121.88537362	-1	107.660187612
 2014-08-24 14:26:32	1408890392	641483	36.59379069	-121.87995625	-1	187.155096004
 2014-08-24 14:30:29	1408890629	55677008	37.3225196	-121.8318008	-1	110.577902538
 2014-08-24 14:33:42	1408890822	15461541	37.3008227	-121.89933357	-1	110.725728703
 2014-08-24 14:33:49	1408890829	394997266	37.23495858	-121.85245415	-1	119.011506503
 2014-08-24 14:35:03	1408890903	35806141	37.23961456	-121.94869341	-1	115.907506101
 2014-08-24 14:40:29	1408891229	358849234	37.3265589	-121.868524	-1	108.965038217
 2014-08-24 14:41:25	1408891285	3462261	37.35259652	-122.01027992	1	102.34692012
 2014-08-24 14:41:05	1408891265	414059980	39.0056112	-120.9934323	1	142.677288011
 2014-08-24 14:42:15	1408891335	53411858	37.37257565	-121.88069017	1	103.80394797
 2014-08-24 14:43:03	1408891383	108215540	37.32283484	-122.00696862	-1	105.621215783
 2014-08-24 14:44:21	1408891461	1271457198	37.36185323	-121.95007908	1	102.866615756
 2014-08-24 14:49:14	1408891754	132399660	37.49558654	-120.8370661	1	153.811656715
 2014-08-24 14:49:07	1408891747	296014139	37.353257	-122.0183128	-1	102.094812329
 2014-08-24 14:51:05	1408891865	1973546978	39.1879723	-121.5217803	1	125.648253925
 2014-08-24 14:51:36	1408891896	14523087	37.26008487	-121.96180564	-1	113.401262801
 2014-08-24 14:52:31	1408891951	300064479	38.9304444	-119.9874839	-1	216.13869873
 2014-08-24 14:52:23	1408891943	453653656	36.69539059	-119.56800724	1	297.01954165
 2014-08-24 14:54:39	1408892079	587882131	36.8384023	-121.3740665	-1	176.604191351
 2014-08-24 14:56:30	1408892190	1008283386	37.33240301	-121.77808362	-1	111.468308871
 2014-08-24 14:57:00	1408892220	595259586	37.33036456	-121.8882079	1	107.959759805
 2014-08-24 14:56:56	1408892216	199325026	37.33756184	-121.95698353	1	105.257874835
 2014-08-24 14:57:54	1408892274	417570140	36.7107827	-119.7141347	-1	285.560007922
 2014-08-24 14:57:33	1408892253	257117047	38.67621968	-120.99044723	-1	124.877167169
 2014-08-24 14:59:32	1408892372	523349706	36.88118116	-119.76951243	1	270.414169053
 2014-08-24 14:59:08	1408892348	2432452728	37.33413479	-121.88544415	-1	107.650616209
 2014-08-24 15:02:10	1408892530	46998621	37.33090976	-121.87880265	1	108.191401955
 2014-08-24 15:03:59	1408892639	1012427112	37.23467625	-121.75626742	-1	122.176344541
 2014-08-24 15:04:29	1408892669	595132415	37.12399811	-121.68765498	-1	135.887146791
 2014-08-24 15:04:27	1408892667	202218452	37.32111063	-122.01967841	-1	105.528509673
 2014-08-24 15:05:36	1408892736	24177855	37.2959045	-121.9245641	1	110.53820988
 2014-08-24 15:06:13	1408892773	1414513898	37.2864594	-121.9513178	-1	110.841348664
 2014-08-24 15:06:44	1408892804	580208016	37.2540562	-121.8414351	-1	117.353628567
 2014-08-24 15:06:29	1408892789	128642331	37.28339117	-121.98938755	1	110.258515965
 2014-08-24 15:07:43	1408892863	32331849	37.31849038	-121.88246772	-1	109.374120348
 2014-08-24 15:07:22	1408892842	1315465045	37.26374708	-121.94493983	-1	113.423115916
 2014-08-24 15:14:42	1408893282	66934681	38.9489637	-119.9556568	-1	219.432292793
 2014-08-24 15:14:34	1408893274	16089737	37.3292688	-122.00487925	1	104.976383888
 2014-08-24 15:18:49	1408893529	86897912	36.8328314	-121.38073679	1	176.879081752
 2014-08-24 15:19:27	1408893567	104689093	37.23140177	-121.9529436	1	116.684038623
 2014-08-24 15:18:56	1408893536	322421525	36.994996	-121.567737	-1	153.347658918
 2014-08-24 15:20:14	1408893614	144975339	39.02238612	-123.68694856	1	147.603375871
 2014-08-24 15:21:06	1408893666	132399660	37.4961068	-120.83744262	-1	153.752251667
 2014-08-24 15:21:42	1408893702	523615090	37.35439503	-121.94873288	-1	103.692362897
 2014-08-24 15:25:22	1408893922	169383768	37.31241656	-121.89105112	1	109.751547444
 2014-08-24 15:27:16	1408894036	1037862896	37.264923	-121.8581316	-1	115.707608338
 2014-08-24 15:28:06	1408894086	49220746	37.0566033	-121.54970122	1	147.887852281
 2014-08-24 15:30:06	1408894206	218269288	37.26531345	-121.99059131	-1	112.175990037
 2014-08-24 15:30:00	1408894200	56491596	36.55588039	-121.92466473	1	190.535494739
 2014-08-24 15:30:28	1408894228	218269288	37.26540774	-121.99055192	-1	112.166715425
 2014-08-24 15:30:53	1408894253	1557304370	37.34129812	-122.05208208	-1	102.679687886
 2014-08-24 15:32:52	1408894372	631682899	36.67570062	-121.77976385	-1	180.346639582
 2014-08-24 15:33:36	1408894416	529783064	37.35321127	-121.95952843	1	103.529326407
 2014-08-24 15:34:47	1408894487	8394602	38.9502198	-119.9493393	1	219.99317069
 2014-08-24 15:34:43	1408894483	434737897	39.72402886	-121.84095458	1	169.825914942
 2014-08-24 15:36:03	1408894563	18257438	39.2395037	-120.05271721	1	225.245578045
 2014-08-24 15:36:50	1408894610	552416056	37.33955094	-121.86312633	1	107.789286343
 2014-08-24 15:38:29	1408894709	449083236	37.24783899	-121.82236374	-1	118.600606386
 2014-08-24 15:39:11	1408894751	760493660	37.3277605	-121.8852841	-1	108.320592346
 2014-08-24 15:40:06	1408894806	276883922	37.6398292	-121.0018885	-1	133.004964998
 2014-08-24 15:42:01	1408894921	448269783	37.33351284	-121.87960332	-1	107.895502695
 2014-08-24 15:41:39	1408894899	151169423	37.3203494	-121.94947156	1	107.282611678
 2014-08-24 15:42:41	1408894961	423842965	37.22354719	-121.85923488	-1	120.007049186
 2014-08-24 15:45:44	1408895144	1363176446	37.32095447	-122.03111255	1	105.304605362
 2014-08-24 15:46:03	1408895163	2283174296	37.3167512	-121.8551425	-1	110.407769031
 2014-08-24 15:47:00	1408895220	2283174296	37.3167512	-121.8551425	1	110.407769031
 2014-08-24 15:48:46	1408895326	391158765	37.27217876	-122.01728325	1	110.863951576
 2014-08-24 15:50:43	1408895443	2347692980	37.3049582	-121.9537907	1	108.807934205
 2014-08-24 15:50:35	1408895435	185975395	37.25964472	-121.9204685	1	114.49037611
 2014-08-24 15:51:10	1408895470	1942555116	39.2187432	-122.0222918	1	111.554855589
 2014-08-24 15:53:07	1408895587	1950732566	37.13243818	-122.00264481	1	126.299398551
 2014-08-24 15:55:19	1408895719	107342664	37.28350157	-121.93619008	-1	111.544083541
 2014-08-24 15:55:37	1408895737	285411573	37.31360601	-121.7703709	1	113.652186059
 2014-08-24 15:55:23	1408895723	45659979	37.3591181	-121.8255068	1	107.044626023
 2014-08-24 15:55:38	1408895738	41636461	37.34113304	-121.98321023	-1	104.2147356
 2014-08-24 15:56:45	1408895805	184635363	36.58175855	-121.9510974	-1	187.292358643
 2014-08-24 15:57:04	1408895824	24842055	36.96609673	-121.76874843	-1	149.691232008
 2014-08-24 15:57:47	1408895867	520165818	37.2293863	-121.7833203	-1	121.787056871
 2014-08-24 15:58:33	1408895913	1853379145	37.2888458	-121.8202349	1	114.431166902
 2014-08-24 15:59:25	1408895965	2484688399	37.3008995	-122.0187233	-1	107.730235746
 2014-08-24 15:59:15	1408895955	36571940	37.35346366	-122.00849918	1	102.294553959
 2014-08-24 15:59:51	1408895991	1027141321	37.1549765	-122.13104102	1	121.863040822
 2014-08-24 16:00:11	1408896011	362523555	39.7582	-122.0537	-1	170.135746659
 2014-08-24 16:02:45	1408896165	17870087	37.3129766	-121.92256792	-1	108.78814454
 2014-08-24 16:02:56	1408896176	177798636	36.65326013	-121.79730696	1	182.365906556
 2014-08-24 16:03:51	1408896231	746158537	38.36525941	-120.7902945	-1	133.563816359
 2014-08-24 16:03:51	1408896231	2185966879	37.32335876	-122.03983057	-1	104.866766102
 2014-08-24 16:03:53	1408896233	1869506510	37.24087155	-121.98071216	-1	115.026358195
 2014-08-24 16:05:33	1408896333	874506932	37.33748771	-121.78233348	-1	110.797556648
 2014-08-24 16:05:42	1408896342	17870087	37.3129766	-121.92256792	1	108.78814454
 2014-08-24 16:07:49	1408896469	132399660	37.49619749	-120.83742259	-1	153.748230464
 2014-08-24 16:09:02	1408896542	1771986781	39.79313309	-120.53146349	1	231.191627362
 2014-08-24 16:09:45	1408896585	970441957	37.29971014	-121.9427388	1	109.651086254
 2014-08-24 16:11:13	1408896673	23558652	37.36659607	-121.83871092	1	105.820224189
 2014-08-24 16:12:01	1408896721	47050565	37.33336826	-121.87400456	1	108.08509679
 2014-08-24 16:13:19	1408896799	274332386	37.33515404	-121.87745501	-1	107.791471095
 2014-08-24 16:13:20	1408896800	154566181	37.32627232	-121.90680214	-1	107.835605254
 2014-08-24 16:14:24	1408896864	2285611844	37.2644442	-121.7962493	-1	117.746998566
 2014-08-24 16:15:10	1408896910	2387855124	37.2778527	-121.8491436	-1	114.636818866
 2014-08-24 16:16:17	1408896977	18778705	37.66585753	-120.94038485	-1	136.291811484
 2014-08-24 16:19:02	1408897142	622345635	37.25118667	-121.78688326	1	119.426428311
 2014-08-24 16:19:33	1408897173	12838512	37.3701079	-122.0808862	-1	99.0069207162
 2014-08-24 16:19:26	1408897166	177798636	36.65335517	-121.79724162	1	182.357105112
 2014-08-24 16:19:31	1408897171	31271257	37.35786621	-121.98924604	-1	102.279109334
 2014-08-24 16:20:24	1408897224	160330475	37.3413921	-122.03999576	-1	102.911689364
 2014-08-24 16:20:46	1408897246	511306071	36.53671721	-121.79817853	-1	194.931960084
 2014-08-24 16:21:42	1408897302	1315775852	37.25307407	-121.8278017	-1	117.884181773
 2014-08-24 16:21:50	1408897310	2285611844	37.2644218	-121.796287	-1	117.748021012
 2014-08-24 16:21:23	1408897283	1118687910	37.29027917	-121.87855928	-1	112.441360624
 2014-08-24 16:22:20	1408897340	44781354	37.3652002	-121.92458078	1	103.230957826
 2014-08-24 16:22:30	1408897350	630390190	37.29955	-121.77726176	1	114.825111058
 2014-08-24 16:24:41	1408897481	145447106	37.27692913	-121.83947836	1	115.037483186
 2014-08-24 16:25:41	1408897541	42561790	37.35409046	-122.02656413	-1	101.823640226
 2014-08-24 16:26:28	1408897588	373635536	37.2025858	-121.83209281	-1	123.009547363
 2014-08-24 16:27:31	1408897651	373635536	37.20258581	-121.83209282	-1	123.009546016
 2014-08-24 16:27:17	1408897637	385215747	39.08158236	-120.13205267	1	211.131265063
 2014-08-24 16:28:15	1408897695	272783056	36.8986055	-119.75483381	1	270.391147155
 2014-08-24 16:28:50	1408897730	16597476	36.36036036	-119.63472622	1	315.983732854
 2014-08-24 16:29:20	1408897760	111629530	37.09251293	-121.65408743	1	140.295121947
 2014-08-24 16:29:37	1408897777	2436115542	39.23493606	-120.02072925	-1	227.422087747
 2014-08-24 16:30:44	1408897844	71395144	38.92737327	-119.98926033	-1	215.877518434
 2014-08-24 16:30:48	1408897848	1517071164	37.3489693	-121.9199875	-1	105.069179386
 2014-08-24 16:30:35	1408897835	18826194	37.33609543	-121.86421595	-1	108.112251176
 2014-08-24 16:31:16	1408897876	1031539136	37.36217693	-121.95777688	-1	102.624793608
 2014-08-24 16:31:10	1408897870	471779697	37.3318524	-121.823099	-1	109.915780281
 2014-08-24 16:31:00	1408897860	26909778	37.01129872	-122.03329113	1	138.982629338
 2014-08-24 16:32:03	1408897923	1389829296	36.30614963	-119.1523834	1	352.821211179
 2014-08-24 16:31:55	1408897915	774520279	39.11628078	-121.39865982	-1	125.537304329
 2014-08-24 16:31:57	1408897917	2439388806	37.32494287	-121.79715766	1	111.530565412
 2014-08-24 16:33:37	1408898017	65441463	37.36941203	-121.99467072	1	100.912839462
 2014-08-24 16:34:31	1408898071	31285700	36.6823797	-121.6008931	-1	184.393980937
 2014-08-24 16:34:52	1408898092	2302518614	37.34052267	-121.9336389	-1	105.572683547
 2014-08-24 16:35:11	1408898111	243499984	36.9826276	-121.58114175	1	154.096594481
 2014-08-24 16:35:43	1408898143	1363176446	37.32101005	-122.03108985	-1	105.299065233
 2014-08-24 16:36:21	1408898181	331904772	38.69305746	-120.8434169	1	137.429443711
 2014-08-24 16:37:55	1408898275	416441721	37.24351014	-121.95586754	-1	115.31774791
 2014-08-24 16:40:26	1408898426	26909778	37.01129872	-122.03329113	1	138.982629338
 2014-08-24 16:41:12	1408898472	118190155	37.3229913	-121.97566698	-1	106.33777317
 2014-08-24 16:41:59	1408898519	416441721	37.2435063	-121.95579634	-1	115.319862986
 2014-08-24 16:42:18	1408898538	503796643	37.2911231	-121.941313	1	110.600792739
 2014-08-24 16:43:17	1408898597	41803671	37.00853091	-121.59339138	-1	151.024634454
 2014-08-24 16:44:13	1408898653	416441721	37.24351492	-121.95584533	1	115.317767698
 2014-08-24 16:44:13	1408898653	132062287	39.30578677	-123.79645393	1	174.778139399
 2014-08-24 16:45:11	1408898711	41750995	37.35088856	-122.03395748	-1	102.010843913
 2014-08-24 16:46:02	1408898762	315103727	37.74175705	-120.90800447	1	135.063202996
 2014-08-24 16:47:09	1408898829	158548490	37.34284039	-121.89365256	1	106.491577514
 2014-08-24 16:47:03	1408898823	1724079230	37.25862429	-121.80609829	-1	118.015433569
 2014-08-24 16:47:47	1408898867	30019950	37.29194945	-121.87882421	-1	112.258620426
 2014-08-24 16:48:15	1408898895	16046987	37.71572914	-119.67702269	1	238.294219284
 2014-08-24 16:49:20	1408898960	54463831	37.32282922	-121.76106044	1	113.069222067
 2014-08-24 16:49:50	1408898990	10267352	38.06086883	-120.19975808	-1	185.853305007
 2014-08-24 16:51:26	1408899086	62933437	37.35660239	-121.89792026	-1	104.925037186
 2014-08-24 16:51:13	1408899073	65447128	37.2719528	-121.82983261	-1	115.862080763
 2014-08-24 16:52:18	1408899138	108461360	36.5244939	-119.5555006	-1	309.490252509
 2014-08-24 16:53:49	1408899229	62933437	37.35661224	-121.89792026	1	104.924009303
 2014-08-24 16:56:38	1408899398	14364184	37.29756927	-121.86808772	1	111.996484701
 2014-08-24 16:56:44	1408899404	317993676	37.27573228	-121.81281957	1	116.029012181
 2014-08-24 16:58:46	1408899526	2326681	36.96115158	-122.05116176	1	144.215385356
 2014-08-24 17:00:11	1408899611	298309568	37.23910533	-121.78074015	-1	120.875618524
 2014-08-24 17:00:36	1408899636	1170746527	36.96995045	-122.02027665	-1	143.712256881
 2014-08-24 17:01:37	1408899697	1170746527	36.96994435	-122.02016213	-1	143.714733507
 2014-08-24 17:03:49	1408899829	352167555	37.2771651	-121.9305129	-1	112.365778146
 2014-08-24 17:06:32	1408899992	132399660	37.49595027	-120.83741195	1	153.76401669
 2014-08-24 17:07:12	1408900032	243499984	36.98268681	-121.58098319	-1	154.096444896
 2014-08-24 17:07:20	1408900040	25645994	37.31268894	-121.92539146	-1	108.740564998
 2014-08-24 17:07:25	1408900045	1411234818	37.28288796	-121.93450008	1	111.653437865
 2014-08-24 17:07:15	1408900035	1126465602	37.3548442	-121.8319635	-1	107.256131186
 2014-08-24 17:07:03	1408900023	2610352064	37.6788955	-121.0386861	-1	128.023154495
 2014-08-24 17:07:39	1408900059	82249390	37.36120966	-121.83074261	1	106.647750442
 2014-08-24 17:08:47	1408900127	321548498	36.68868205	-121.60689186	-1	183.554042625
 2014-08-24 17:09:06	1408900146	1591567452	36.68002643	-121.63861477	-1	183.534179356
 2014-08-24 17:09:16	1408900156	2610352064	37.6789055	-121.0386663	-1	128.024119125
 2014-08-24 17:09:05	1408900145	321548498	36.68867765	-121.60688801	-1	183.554618769
 2014-08-24 17:09:27	1408900167	7675352	37.3759401	-120.7170745	-1	170.037982291
 2014-08-24 17:09:33	1408900173	22301667	36.6155233	-121.8252462	1	185.848165656
 2014-08-24 17:09:48	1408900188	1964139817	37.2932975	-121.98039988	-1	109.402440655
 2014-08-24 17:10:47	1408900247	535748314	37.3535382	-121.8864369	-1	105.598570213
 2014-08-24 17:11:08	1408900268	239508572	36.65498936	-121.80097039	-1	182.099083269
 2014-08-24 17:11:29	1408900289	412849095	37.25710978	-121.8622483	-1	116.400342215
 2014-08-24 17:14:53	1408900493	132399660	37.49615101	-120.83728988	1	153.760862082
 2014-08-24 17:15:58	1408900558	157944376	37.34430921	-121.88002811	-1	106.758761685
 2014-08-24 17:16:25	1408900585	17669153	37.2658125	-121.934676	-1	113.463960178
 2014-08-24 17:17:05	1408900625	488072845	37.3251754	-121.9435237	-1	106.927591314
 2014-08-24 17:17:29	1408900649	55370503	37.2968864	-121.9479477	1	109.816584911
 2014-08-24 17:23:48	1408901028	327032807	37.34166623	-121.88571047	-1	106.857282395
 2014-08-24 17:27:39	1408901259	500501458	37.36094451	-121.9085025	-1	104.151305908
 2014-08-24 17:27:58	1408901278	74510308	37.209809	-121.84621823	1	121.83088163
 2014-08-24 17:28:20	1408901300	147344543	37.3618699	-121.90685318	-1	104.104063202
 2014-08-24 17:31:12	1408901472	88211112	37.33327659	-121.8749707	1	108.064371764
 2014-08-24 17:32:37	1408901557	491215467	36.97299487	-122.05072931	-1	142.921411642
 2014-08-24 17:34:03	1408901643	1016007504	37.35115805	-121.9633833	-1	103.646446756
 2014-08-24 17:33:49	1408901629	328194422	36.293184	-119.33624368	1	341.00838651
 2014-08-24 17:34:14	1408901654	1362895028	37.23321001	-121.9022103	1	117.780543714
 2014-08-24 17:35:56	1408901756	466094937	37.27307341	-121.93423955	-1	112.703110179
 2014-08-24 17:36:05	1408901765	30212332	37.2317	-122.1158	-1	113.606565248
 2014-08-24 17:37:25	1408901845	102719975	37.3001312	-122.0185373	1	107.817125748
 2014-08-24 17:37:34	1408901854	76860714	37.32972917	-121.88087901	-1	108.250253932
 2014-08-24 17:37:33	1408901853	424042722	38.67665206	-120.99833467	1	124.262652385
 2014-08-24 17:39:46	1408901986	24294893	38.9966121	-120.99242541	1	142.160038926
 2014-08-24 17:45:08	1408902308	157065548	37.3471971	-121.9326225	-1	104.896643953
 2014-08-24 17:45:31	1408902331	188631595	36.86701521	-119.75468204	1	272.39676152
 2014-08-24 17:47:13	1408902433	162546697	37.70302368	-121.02577955	-1	127.716005694
 2014-08-24 17:48:41	1408902521	1411234818	37.26050582	-121.94816861	-1	113.688439931
 2014-08-24 17:51:18	1408902678	274272675	37.32130749	-121.79442279	-1	111.998045337
 2014-08-24 17:52:07	1408902727	140731497	37.35880733	-122.01939988	-1	101.47336374
 2014-08-24 17:52:49	1408902769	1358304134	37.35168257	-121.97199979	-1	103.368859676
 2014-08-24 17:53:51	1408902831	14400532	37.3019445	-122.2673383	1	104.543484671
 2014-08-24 17:54:13	1408902853	34639107	37.35097143	-121.90954712	1	105.164293005
 2014-08-24 17:54:52	1408902892	14581737	37.34463911	-121.98166939	-1	103.877944281
 2014-08-24 17:57:15	1408903035	457319633	37.30070936	-121.95281045	1	109.285339682
 2014-08-24 17:57:17	1408903037	2572973289	37.25228306	-121.86326895	-1	116.875211524
 2014-08-24 17:58:47	1408903127	97992033	37.1812005	-121.9929326	1	121.204535375
 2014-08-24 18:00:06	1408903206	892363214	39.7225399	-121.8511297	-1	169.456065057
 2014-08-24 18:01:16	1408903276	1586652276	37.12773317	-121.62856272	1	137.699853384
 2014-08-24 18:01:34	1408903294	531450625	37.34918243	-122.01516226	-1	102.603543984
 2014-08-24 18:03:00	1408903380	1363176446	37.32130259	-122.03121137	1	105.264925885
 2014-08-24 18:03:33	1408903413	735694670	39.72356651	-121.83929136	1	169.810629205
 2014-08-24 18:05:11	1408903511	277618799	37.35061243	-122.05812693	1	101.551677083
 2014-08-24 18:05:10	1408903510	846779467	37.32815442	-121.92480932	-1	107.123863827
 2014-08-24 18:05:34	1408903534	1664016834	37.3281838	-121.8208413	1	110.369238422
 2014-08-24 18:05:23	1408903523	64447999	37.25890246	-121.80342352	1	118.075751601
 2014-08-24 18:06:11	1408903571	236472696	37.34461753	-122.05326987	-1	102.296492638
 2014-08-24 18:07:12	1408903632	1220029104	36.7292672	-121.6536861	-1	177.917947138
 2014-08-24 18:07:32	1408903652	1279642644	37.2669942	-121.8422457	-1	115.982081332
 2014-08-24 18:07:46	1408903666	37636664	37.32099692	-121.99861246	1	106.007856177
 2014-08-24 18:08:31	1408903711	634064749	39.19599486	-120.23812691	-1	208.950685207
 2014-08-24 18:09:46	1408903786	871201958	37.26795249	-121.91480342	1	113.761469063
 2014-08-24 18:12:37	1408903957	2366235020	37.01896794	-121.58380188	-1	150.328736154
 2014-08-24 18:15:24	1408904124	1363176446	37.32110558	-122.03117264	1	105.287026274
 2014-08-24 18:17:33	1408904253	90808763	37.3194377	-121.9656027	-1	106.966459722
 2014-08-24 18:18:32	1408904312	465759363	37.34868052	-122.03627413	1	102.200698107
 2014-08-24 18:18:24	1408904304	334899502	38.5415869	-120.79234623	1	136.649838923
 2014-08-24 18:18:48	1408904328	1862572453	36.61687936	-119.52326924	1	305.432328394
 2014-08-24 18:20:25	1408904425	294939870	37.25284302	-121.83902758	-1	117.554803549
 2014-08-24 18:20:51	1408904451	1406630790	37.2522057	-121.8154027	-1	118.372700186
 2014-08-24 18:22:22	1408904542	148600202	39.73534764	-121.85512408	1	170.759353888
 2014-08-24 18:25:47	1408904747	442257834	36.97348022	-121.99571972	1	143.730681985
 2014-08-24 18:26:47	1408904807	1355559241	37.3412279	-121.8868667	-1	106.86733362
 2014-08-24 18:28:26	1408904906	18445247	36.95033333	-122.0455	1	145.483153825
 2014-08-24 18:28:43	1408904923	62933437	37.35658097	-121.89784356	-1	104.929613768
 2014-08-24 18:29:09	1408904949	978254756	37.33640789	-121.88725945	-1	107.357909249
 2014-08-24 18:34:25	1408905265	1621511887	36.6099145	-121.8291712	-1	186.375583156
 2014-08-24 18:35:34	1408905334	1424683542	37.36643208	-121.82305091	-1	106.385965188
 2014-08-24 18:36:58	1408905418	191561320	37.3440471	-121.9791635	1	104.003024371
 2014-08-24 18:40:16	1408905616	300976715	39.16197659	-121.6271197	1	118.396687092
 2014-08-24 18:42:01	1408905721	526015573	39.7262214	-121.83442233	-1	170.198703139
 2014-08-24 18:42:04	1408905724	13837502	37.2950904	-121.8879032	1	111.660492335
 2014-08-24 18:42:38	1408905758	2163449808	37.32229211	-121.89484921	1	108.604417792
 2014-08-24 18:42:32	1408905752	1414105178	36.82467479	-121.37752349	1	177.815990849
 2014-08-24 18:43:06	1408905786	1302202711	37.49801905	-120.83489813	1	153.824637195
 2014-08-24 18:43:46	1408905826	132399660	37.49621913	-120.83707965	1	153.772273791
 2014-08-24 18:43:44	1408905824	2577650490	37.30378475	-121.82820445	-1	112.626864322
 2014-08-24 18:44:17	1408905857	1387711046	37.30051333	-121.878905	1	111.360315517
 2014-08-24 18:45:19	1408905919	1054120658	39.15358658	-121.62960552	-1	117.483838403
 2014-08-24 18:46:05	1408905965	919838102	37.34914185	-121.89183094	-1	105.889669401
 2014-08-24 18:49:30	1408906170	2350593608	37.28601494	-121.95932038	1	110.68919907
 2014-08-24 18:56:11	1408906571	175520165	37.28084767	-121.88991076	-1	113.097279709
 2014-08-24 18:59:21	1408906761	235870621	37.31124339	-121.92524238	-1	108.897432057
 2014-08-24 19:08:50	1408907330	2211495674	37.3687612	-121.8849803	-1	104.062457792
 2014-08-24 19:10:36	1408907436	98497369	37.33082699	-121.88337045	-1	108.059189322
 2014-08-24 19:10:40	1408907440	25725812	36.8217003	-119.8564625	1	268.008452278
 2014-08-24 19:12:34	1408907554	466094937	37.26855414	-121.93731493	1	113.104410698
 2014-08-24 19:14:56	1408907696	1363176446	37.32104275	-122.03113276	1	105.294643213
 2014-08-24 19:20:45	1408908045	2424643278	37.23302679	-121.83240869	-1	119.823706425
 2014-08-24 19:25:33	1408908333	1720312123	37.35061612	-121.80297886	-1	108.713265794
 2014-08-24 19:25:48	1408908348	258602531	37.11241611	-121.64349494	1	138.672985899
 2014-08-24 19:26:30	1408908390	1711016252	37.3164655	-121.9085468	1	108.815863131
 2014-08-24 19:33:32	1408908812	40079606	36.86172049	-119.79271565	1	269.968950862
 2014-08-24 19:33:22	1408908802	348578346	37.11951292	-121.64602274	1	137.862976975
 2014-08-24 19:34:56	1408908896	421498419	37.24790721	-121.9524437	-1	114.929726708
 2014-08-24 19:36:27	1408908987	1881414572	37.08300357	-121.9722383	-1	132.254469087
 2014-08-24 19:37:48	1408909068	612855722	37.32199398	-121.8761534	-1	109.202101851
 2014-08-24 19:38:26	1408909106	374670902	37.37094227	-121.80692716	1	106.510199447
 2014-08-24 19:39:28	1408909168	1094101693	37.32618627	-121.93628456	-1	107.015412888
 2014-08-24 19:41:25	1408909285	16014838	37.30430527	-122.05564231	1	106.627803071
 2014-08-24 19:43:20	1408909400	14400532	37.301922	-122.2672998	-1	104.54611418
 2014-08-24 19:43:22	1408909402	1408334988	37.3447771	-121.8800354	-1	106.709878048
 2014-08-24 19:45:42	1408909542	40079606	36.86160827	-119.79270679	-1	269.976820438
 2014-08-24 19:50:01	1408909801	783382424	37.3055686	-121.9262614	1	109.46952832
 2014-08-24 19:56:26	1408910186	27815326	37.35443763	-121.88197126	-1	105.644941183
 2014-08-24 20:00:06	1408910406	2423317422	36.85389934	-119.77303377	-1	271.90029224
 2014-08-24 20:00:00	1408910400	40079606	36.8616644	-119.79259142	-1	269.981572949
 2014-08-24 20:00:43	1408910443	40783277	36.7062065	-121.6581259	1	180.220172358
 2014-08-24 20:02:24	1408910544	484519091	36.96801309	-122.02626108	1	143.830804193
 2014-08-24 20:03:26	1408910606	103983157	37.24833267	-121.8580136	-1	117.445560377
 2014-08-24 20:14:13	1408911253	1414751833	37.2806681	-121.83401478	-1	114.824771139
 2014-08-24 20:17:05	1408911425	11770002	37.3619797	-121.89120378	1	104.571661541
 2014-08-24 20:19:35	1408911575	2735318282	37.3135254	-121.8405075	-1	111.215821919
 2014-08-24 20:19:54	1408911594	361182312	37.33539148	-121.88309653	-1	107.591784264
 2014-08-24 20:22:49	1408911769	42370979	36.83643585	-119.79736428	-1	271.271787657
 2014-08-24 20:26:00	1408911960	100369793	37.35806063	-122.00560005	-1	101.868229967
 2014-08-24 20:26:19	1408911979	90808763	37.31948	-121.9655991	-1	106.96203941
 2014-08-24 20:27:14	1408912034	361182312	37.33537911	-121.88317334	1	107.590704772
 2014-08-24 20:40:49	1408912849	51961257	37.32537828	-122.17865574	-1	102.541348612
 2014-08-24 20:41:31	1408912891	11770002	37.36217578	-121.89125556	1	104.549643488
 2014-08-24 20:45:21	1408913121	74510308	37.20982168	-121.84607349	-1	121.833841058
 2014-08-24 20:54:22	1408913662	17645034	37.372	-122.026	-1	99.906832498
 2014-08-24 20:58:39	1408913919	361182312	37.33533182	-121.88312321	1	107.597178766
 2014-08-24 21:04:50	1408914290	15964373	37.30156216	-122.04220299	-1	107.181918263
 2014-08-24 21:07:36	1408914456	403964682	37.2892715	-121.96502961	1	110.201237813
 2014-08-24 21:09:23	1408914563	265164480	37.32005706	-121.7947178	-1	112.114702434
 2014-08-24 21:17:37	1408915057	184559084	37.35310697	-122.06063692	-1	101.232554065
 2014-08-24 21:49:37	1408916977	28629969	37.31966772	-121.97135808	1	106.798715327
 2014-08-24 21:51:18	1408917078	232974542	37.35458039	-121.85080992	-1	106.64190656
 2014-08-24 21:52:04	1408917124	366147609	36.85541374	-119.7275001	1	275.118334828
 2014-08-24 22:00:09	1408917609	1429640431	37.34466977	-122.01128332	1	103.176030466
 2014-08-24 22:03:17	1408917797	979610539	36.60122171	-121.89044829	1	186.158094236
 2014-08-24 22:27:03	1408919223	321530661	37.7940123	-120.98367936	-1	126.61669047
 2014-08-24 22:41:48	1408920108	458664010	39.72525065	-121.8421397	-1	169.933165055
 2014-08-24 22:49:10	1408920550	277618799	37.35056985	-122.05814964	1	101.555857131
 2014-08-24 22:53:06	1408920786	1463569952	37.9769258	-120.36807829	-1	172.669296039
 2014-08-24 23:50:38	1408924238	605788509	36.5343292	-119.549373	1	309.231539039
 2014-08-24 23:53:35	1408924415	16597476	36.36036036	-119.63472622	-1	315.983732854
 2014-08-24 23:53:27	1408924407	28629969	37.31968	-121.971367	-1	106.797183911
 2014-08-24 23:55:29	1408924529	36861021	37.35970833	-122.0757972	-1	100.231055557
 2014-08-25 00:05:07	1408925107	174500694	37.20166676	-121.99239487	1	119.002420533
 2014-08-25 00:11:37	1408925497	116255148	36.31225696	-119.3134285	1	341.2067319
 2014-08-25 00:12:25	1408925545	18910217	37.3320389	-121.8888288	1	107.766053586
 2014-08-25 00:14:49	1408925689	86647407	37.3569751	-121.9583359	1	103.161485449
 2014-08-25 00:17:10	1408925830	86647407	37.3569303	-121.9583223	-1	103.166598105
 2014-08-25 00:23:12	1408926192	174500694	37.14624323	-121.9866593	-1	125.115583998
 2014-08-25 00:24:40	1408926280	1651081844	37.26222616	-121.82371346	-1	117.066598575
 2014-08-25 00:25:32	1408926332	391880722	37.27875328	-121.84764478	-1	114.590090789
 2014-08-25 00:27:26	1408926446	86647407	37.3569357	-121.9582687	1	103.16744715
 2014-08-25 00:29:46	1408926586	86647407	37.3569026	-121.9583243	-1	103.169483192
 2014-08-25 00:31:08	1408926668	86647407	37.3568802	-121.9582974	-1	103.172572659
 2014-08-25 00:40:42	1408927242	74839990	37.84010997	-120.22481674	-1	188.216496862
 2014-08-25 01:07:56	1408928876	86647407	37.3569716	-121.9583471	1	103.16155962
 2014-08-25 01:16:27	1408929387	116670961	36.6965705	-121.6159328	-1	182.457644235
 2014-08-25 01:17:24	1408929444	132399660	37.52136011	-120.88056862	-1	149.032575293
 2014-08-25 01:19:35	1408929575	106800540	37.32039697	-121.9120649	1	108.30151435
 2014-08-25 01:30:17	1408930217	106800540	37.32040652	-121.91210749	1	108.299292334
 2014-08-25 01:40:53	1408930853	86647407	37.356982	-121.9582972	-1	103.161780138
 2014-08-25 01:43:21	1408931001	51628732	36.78493074	-119.72610384	-1	279.771056147
 2014-08-25 01:43:48	1408931028	62925765	36.59416398	-121.86423347	-1	187.402996536
 2014-08-25 02:01:35	1408932095	72992772	39.22124069	-121.19067279	1	146.094234231
 2014-08-25 02:05:03	1408932303	60779212	37.32543307	-122.03289173	-1	104.78363957
 2014-08-25 02:32:00	1408933920	272141779	37.1014335	-121.6074287	-1	141.14834728
 2014-08-25 02:41:01	1408934461	15732859	37.3202964	-121.9768085	1	106.597914325
 2014-08-25 02:43:09	1408934589	56437298	36.8134084	-121.4071801	-1	177.7394907
 2014-08-25 03:01:47	1408935707	14669799	37.37256153	-122.2122164	1	97.0181549649
 2014-08-25 03:04:44	1408935884	461051329	37.69768843	-121.05479744	-1	125.762576057
 2014-08-25 03:39:44	1408937984	217951828	37.31531532	-122.06674332	-1	105.226499741
 2014-08-25 03:49:22	1408938562	38774240	37.24481236	-121.90466048	1	116.485786552
 2014-08-25 03:51:06	1408938666	19600210	37.33774419	-121.8931151	-1	107.040152762
 2014-08-25 04:09:59	1408939799	50027382	37.33499817	-121.8960463	1	107.238850424
 2014-08-25 04:28:34	1408940914	215437502	39.55847139	-123.7671409	-1	193.088800351
 2014-08-25 05:03:25	1408943005	392460446	37.27365813	-121.75170994	-1	118.378526634
 2014-08-25 05:11:30	1408943490	14277600	37.37259388	-122.01909953	1	99.9976135251
 2014-08-25 05:13:32	1408943612	8959562	37.27875122	-122.00706509	1	110.368636487
 2014-08-25 05:16:10	1408943770	332682630	37.32308457	-122.02288929	-1	105.246923346
 2014-08-25 05:22:50	1408944170	1511705934	37.36294517	-122.02888002	-1	100.818933804
 2014-08-25 05:35:00	1408944900	1279844912	37.36838508	-121.86937334	1	104.604358012
 2014-08-25 05:36:44	1408945004	112966894	36.71242266	-119.73094281	1	284.259530517
 2014-08-25 05:39:10	1408945150	44661208	37.22536895	-121.90163781	1	118.626664702
 2014-08-25 05:56:57	1408946217	11769552	37.30139201	-122.05066737	-1	107.037767619
 2014-08-25 05:57:32	1408946252	11769552	37.30140896	-122.05065134	1	107.036229783
 2014-08-25 06:18:14	1408947494	2285611844	37.2476616	-121.8536187	-1	117.647835362
 2014-08-25 06:55:57	1408949757	277618799	37.35067265	-122.05809692	1	101.545724651
 2014-08-25 07:22:04	1408951324	72293	37.24905939	-121.85929439	1	117.331199328
 2014-08-25 11:49:43	1408967383	1286965100	37.7316	-119.1548	1	282.496077988
 2014-08-25 11:50:09	1408967409	362523555	37.475666	-119.3649979	1	272.426540372
 2014-08-25 13:00:47	1408971647	27815326	37.35448994	-121.88171066	-1	105.647712897
 2014-08-25 13:39:14	1408973954	243499984	36.9827543	-121.5810445	-1	154.087357513
 2014-08-25 13:41:12	1408974072	26804291	37.3026173	-121.9837973	-1	108.323533545
 2014-08-25 14:56:49	1408978609	1075431013	37.3690635	-121.8570306	-1	104.943217937
 2014-08-25 15:50:12	1408981812	362523555	37.4763	-119.3563	1	273.12886189
 2014-08-25 16:10:28	1408983028	1321733390	37.3701535	-121.8375072	-1	105.498120975
 2014-08-25 17:28:36	1408987716	416441721	37.24346354	-121.95576369	-1	115.325222048
 2014-08-25 17:49:46	1408988986	1357252880	36.85681555	-120.4551231	1	224.769658744
 2014-08-25 18:13:42	1408990422	2325995436	37.33282517	-121.88282427	1	107.867645302
 2014-08-25 18:34:41	1408991681	55666865	36.59106703	-121.87903283	1	187.468364269
 2014-08-25 19:18:05	1408994285	30087621	37.74459265	-119.59470825	-1	244.503697069
 2014-08-25 20:25:06	1408998306	362523555	36.9575	-120.2773	-1	229.207027581
 2014-08-25 20:34:08	1408998848	22698543	37.36987681	-121.9299624	1	102.583951587
 2014-08-25 21:08:38	1409000918	31760327	36.9575	-120.2773	-1	229.207027581
 2014-08-25 22:22:30	1409005350	390452146	37.64060979	-118.96293193	1	301.244255216
 2014-08-26 00:03:12	1409011392	1523423294	37.2881554	-120.4816281	1	192.727670163
 2014-08-26 00:26:06	1409012766	57501485	36.9735752	-121.98369272	1	143.929957746
 2014-08-26 01:06:17	1409015177	42682432	37.31561754	-121.97292046	-1	107.192889872
 2014-08-26 03:42:38	1409024558	217317554	37.61673546	-120.87103453	1	144.275165272
 2014-08-26 03:51:00	1409025060	37861434	37.1214981	-121.8659973	1	130.591563187
 2014-08-26 03:55:42	1409025342	614603792	37.0864658	-120.29071086	1	219.47719973
 2014-08-26 04:55:06	1409028906	362523555	36.4248352	-120.9453354	1	235.4081205
 2014-08-26 05:23:03	1409030583	132399660	37.49614404	-120.83754346	-1	153.742536993
 2014-08-26 05:32:21	1409031141	1286965100	37.0912	-119.0138	-1	317.273041988
 2014-08-26 05:35:09	1409031309	362523555	37.0438	-119.0288	1	318.317609715
 2014-08-26 06:35:48	1409034948	22836107	37.3168	-122.0054	1	106.305531783
 2014-08-26 06:53:00	1409035980	14411413	37.3393857	-121.8949555	1	106.812981139
 2014-08-26 13:07:02	1409058422	2575363506	36.778261	-119.4179324	-1	302.747689661
 2014-08-26 13:42:00	1409060520	390452146	37.63833311	-118.98311796	1	299.579666181
 2014-08-26 14:29:55	1409063395	129971771	37.23623625	-121.82894348	-1	119.597547929
 2014-08-26 15:39:03	1409067543	133196669	37.26021134	-121.79592185	1	118.192954263
 2014-08-26 16:53:14	1409071994	1771986781	38.94748748	-119.9642987	-1	218.674405245
 2014-08-26 17:46:17	1409075177	30087621	37.74459265	-119.59470825	-1	244.503697069
 2014-08-26 18:45:42	1409078742	26692880	37.2923446	-120.4512076	1	194.709589536
 2014-08-26 19:17:36	1409080656	107816182	36.535	-121.12	1	217.042401881
 2014-08-26 19:18:38	1409080718	1286965100	37.505	-119.6823	1	244.970971497
 2014-08-26 19:20:07	1409080807	362523555	36.5347	-121.1198	-1	217.080243292
 2014-08-26 19:20:06	1409080806	362523555	37.405	-119.8145	1	238.321981699
 2014-08-26 19:24:56	1409081096	536561965	36.5347	-121.1198	-1	217.080243292
 2014-08-26 19:42:29	1409082149	282688261	36.5347	-121.1198	-1	217.080243292
 2014-08-26 19:57:56	1409083076	974724727	36.59210297	-121.88371339	-1	187.27148231
 2014-08-26 20:31:52	1409085112	113545967	37.33231702	-121.87557031	-1	108.145442631
 2014-08-26 22:32:41	1409092361	113545967	37.34423703	-121.87871338	-1	106.807468624
 2014-08-27 02:15:06	1409105706	362523555	39.3438	-123.2198	1	145.613844245
 2014-08-27 02:58:52	1409108332	809325992	37.23404523	-121.76364191	1	121.98256544
 2014-08-27 05:55:37	1409118937	30087621	37.74459265	-119.59470825	-1	244.503697069
 2014-08-27 06:25:11	1409120711	362523555	39.4915	-122.9877	1	150.78045507
 2014-08-27 06:57:03	1409122623	31760327	39.4915	-122.9877	-1	150.78045507
 2014-08-27 13:27:08	1409146028	31760327	37.6697	-118.8745	-1	308.06778338
 2014-08-27 14:24:29	1409149469	471764390	36.88536515	-121.73660471	1	159.110970782
 2014-08-27 15:24:59	1409153099	20825439	37.31405937	-121.99405767	1	106.85741259
 2014-08-27 17:32:25	1409160745	131615009	36.66177074	-121.66240521	-1	184.794839465
 2014-08-27 17:50:09	1409161809	362523555	37.6655	-118.8677	-1	308.755994685
 2014-08-27 17:55:08	1409162108	362523555	37.6665	-118.8688	1	308.636613236
 2014-08-27 18:45:15	1409165115	31760327	37.6648333	-118.8675	1	308.789863208
 2014-08-27 19:19:22	1409167162	46506790	37.31996539	-121.94791019	1	107.364306332
 2014-08-27 19:55:05	1409169305	362523555	37.6653	-118.8668	1	308.838187775
 2014-08-27 20:02:22	1409169742	31760327	37.6653	-118.8668	-1	308.838187775
 2014-08-27 23:10:26	1409181026	31760327	36.732	-121.1905	-1	194.872146914
 2014-08-28 00:55:06	1409187306	362523555	36.5945	-121.1955	-1	208.018550447
 2014-08-28 01:41:35	1409190095	31760327	37.4697	-118.8175	1	318.620617939
 2014-08-28 03:40:08	1409197208	362523555	36.7478	-120.9613	-1	204.447528237
 2014-08-28 04:11:53	1409199113	31760327	37.6463	-119.0213	1	296.10339684
 2014-08-28 04:16:44	1409199404	53411858	37.37270021	-121.88044222	-1	103.799014587
 2014-08-28 06:56:45	1409209005	31760327	36.2923	-120.8612	-1	251.932520111
 2014-08-28 13:25:08	1409232308	362523555	36.5588	-121.1177	1	214.824302146
 2014-08-28 13:32:35	1409232755	31760327	36.5588	-121.1177	-1	214.824302146
 2014-08-28 16:01:07	1409241667	743086194	36.60034391	-121.89485738	1	186.176196806
 2014-08-28 16:38:58	1409243938	2177610281	36.9097551	-119.9602366	-1	254.761581541
 2014-08-28 18:00:29	1409248829	31760327	37.6673	-118.8648	-1	308.959669143
 2014-08-28 20:06:55	1409256415	72211877	37.29957837	-121.87509424	-1	111.573130175
 2014-08-28 20:49:49	1409258989	2177610281	36.9520783	-119.9036616	1	256.121774234
 2014-08-28 22:55:08	1409266508	362523555	37.6372	-118.8888	1	307.674813804
 2014-08-29 08:58:14	1409302694	31760327	36.562	-121.0708	1	216.581735899
 2014-08-29 09:00:11	1409302811	362523555	36.562	-121.0708	1	216.581735899
 2014-08-29 14:50:29	1409323829	107816182	36.62	-119.25	-1	325.001275339
 2014-08-29 14:55:09	1409324109	362523555	36.6202	-119.2502	-1	324.973952861
 2014-08-29 14:57:21	1409324241	536561965	36.6202	-119.2502	1	324.973952861
 2014-08-29 15:29:01	1409326141	282688261	36.6202	-119.2502	1	324.973952861
 2014-08-29 19:16:00	1409339760	37861434	37.3255	-122.1033	1	103.498646404
 2014-08-29 19:20:07	1409340007	362523555	37.3255	-122.1033	-1	103.498646404
 2014-08-29 19:32:32	1409340752	31760327	37.3255	-122.1033	-1	103.498646404
 2014-08-29 21:02:06	1409346126	18910217	37.351316	-121.934154	1	104.419343501
 2014-08-29 21:46:30	1409348790	107816182	36.689	-121.321	-1	193.545713245
 2014-08-29 21:50:06	1409349006	362523555	36.6888	-121.3212	-1	193.557620133
 2014-08-29 21:51:43	1409349103	536561965	36.6888	-121.3212	-1	193.557620133
 2014-08-29 22:45:06	1409352306	362523555	36.6855	-121.3173	-1	194.04143938
 2014-08-29 22:50:34	1409352634	282688261	36.6888	-121.3212	-1	193.557620133
 2014-08-29 22:55:08	1409352908	362523555	36.6862	-121.3177	1	193.955872137
 2014-08-29 23:15:08	1409354108	362523555	36.6852	-121.3185	1	194.023342794
 2014-08-29 23:35:07	1409355307	362523555	36.6855	-121.317	-1	194.053428105
 2014-08-29 23:35:33	1409355333	107816182	36.688	-121.32	1	193.685060133
 2014-08-29 23:39:02	1409355542	16680078	36.6877	-121.3197	-1	193.726865143
 2014-08-29 23:40:05	1409355605	536561965	36.6877	-121.3197	1	193.726865143
 2014-08-29 23:40:06	1409355606	362523555	36.6877	-121.3197	1	193.726865143
 2014-08-29 23:45:05	1409355905	362523555	36.6833	-121.3165	1	194.292105031
 2014-08-29 23:54:19	1409356459	282688261	36.6877	-121.3197	-1	193.726865143
 2014-08-29 23:56:22	1409356582	31760327	36.6877	-121.3197	-1	193.726865143
 2014-08-30 00:10:08	1409357408	362523555	36.6828	-121.3135	1	194.46174716
 2014-08-30 00:28:25	1409358505	31760327	36.6833	-121.3165	1	194.292105031
 2014-08-30 04:10:08	1409371808	362523555	36.916	-121.5953	1	160.371540458
 2014-08-30 05:15:06	1409375706	362523555	37.3523	-121.7187	1	111.802130322
 2014-08-30 05:15:00	1409375700	37861434	37.3523	-121.7187	1	111.802130322
 2014-08-30 05:34:44	1409376884	1286965100	37.5135	-118.8421	1	315.169294255
 2014-08-30 05:34:43	1409376883	31760327	37.5167	-118.8292	1	316.166205289
 2014-08-30 05:35:06	1409376906	362523555	37.5167	-118.8292	-1	316.166205289
 2014-08-30 07:23:24	1409383404	31760327	36.6827	-121.3258	1	193.981814747
 2014-08-30 09:05:08	1409389508	1286965100	38.5711	-119.4139	1	255.232169779
 2014-08-30 09:11:44	1409389904	31760327	38.5555	-119.4145	-1	254.964127508
 2014-08-30 11:56:16	1409399776	1286965100	38.5122	-119.3007	1	264.27634972
 2014-08-30 18:45:44	1409424344	2283174296	37.1266051	-121.6267454	1	137.882812824
 2014-08-30 18:46:18	1409424378	2283174296	37.1265976	-121.6267494	1	137.883409812
 2014-08-30 20:28:27	1409430507	1286965100	38.551	-119.4136	1	254.981593358
 2014-08-30 20:35:08	1409430908	362523555	36.6876678	-121.3201675	1	193.711405579
 2014-08-30 20:36:22	1409430982	31760327	36.6876678	-121.3201675	-1	193.711405579
 2014-08-30 22:38:12	1409438292	393540732	37.12668578	-121.62696879	-1	137.866127042
 2014-08-30 22:57:42	1409439462	2283174296	37.1266543	-121.6264843	-1	137.887947106
 2014-08-30 23:00:06	1409439606	362523555	36.4768333	-121.0565033	-1	225.447774138
 2014-08-30 23:10:20	1409440220	31760327	36.4768333	-121.0565033	-1	225.447774138
 2014-08-31 00:59:33	1409446773	15173752	37.35138889	-121.925	-1	104.670717846
 2014-08-31 01:18:55	1409447935	15173752	37.35138889	-121.925	1	104.670717846
 2014-08-31 01:55:49	1409450149	18910217	37.35084252	-121.93635474	1	104.407863147
 2014-08-31 02:06:45	1409450805	15567070	37.35084252	-121.93635474	1	104.407863147
 2014-08-31 02:08:19	1409450899	15567070	37.35008448	-121.93650071	1	104.483808824
 2014-08-31 02:22:06	1409451726	1381551	37.35067152	-121.9366765	-1	104.416958822
 2014-08-31 02:37:45	1409452665	21104281	37.35067152	-121.9366765	-1	104.416958822
 2014-08-31 02:38:43	1409452723	20962821	37.35084252	-121.93635474	-1	104.407863147
 2014-08-31 02:40:13	1409452813	65973972	37.35193614	-121.93055931	1	104.455064042
 2014-08-31 02:57:06	1409453826	65973972	37.35079222	-121.93633049	1	104.413846701
 2014-08-31 03:11:06	1409454666	18910217	37.3509896	-121.940048	1	104.289975691
 2014-08-31 03:12:03	1409454723	224139577	37.35084252	-121.93635474	-1	104.407863147
 2014-08-31 03:24:18	1409455458	15173752	37.35138889	-121.925	1	104.670717846
 2014-08-31 03:27:26	1409455646	14875552	37.35084252	-121.93635474	-1	104.407863147
 2014-08-31 03:28:30	1409455710	438838360	37.3500974	-121.9368446	1	104.472887098
 2014-08-31 03:28:27	1409455707	15173752	37.35138889	-121.925	1	104.670717846
 2014-08-31 03:37:23	1409456243	2283174296	37.3510181	-121.9371723	-1	104.366594003
 2014-08-31 03:40:40	1409456440	18950264	37.35067152	-121.9366765	-1	104.416958822
 2014-08-31 03:59:57	1409457597	1010056423	39.14964499	-123.19134129	-1	126.53522603
 2014-08-31 04:12:18	1409458338	2283174296	37.3507577	-121.9404106	-1	104.304474714
 2014-08-31 04:18:31	1409458711	16898014	37.35042794	-121.93662361	1	104.444139251
 2014-08-31 04:46:17	1409460377	39594885	37.35084252	-121.93635474	1	104.407863147
 2014-08-31 04:49:19	1409460559	797982914	37.3524112	-121.9313945	-1	104.381428902
 2014-08-31 04:50:30	1409460630	107816182	36.633	-121.245	1	202.173569982
 2014-08-31 04:51:45	1409460705	1286965100	37.2903	-119.1706	-1	295.742273475
 2014-08-31 04:55:08	1409460908	362523555	37.2905	-119.2682	-1	287.739605618
 2014-08-31 04:55:09	1409460909	362523555	36.633	-121.245	-1	202.173569982
 2014-08-31 04:55:41	1409460941	536561965	36.633	-121.245	1	202.173569982
 2014-08-31 05:17:36	1409462256	282688261	36.633	-121.245	1	202.173569982
 2014-08-31 05:21:53	1409462513	441466898	37.33666355	-121.89435427	1	107.115629124
 2014-08-31 05:40:39	1409463639	705458902	36.71321985	-121.61951362	1	180.606166025
 2014-08-31 06:49:14	1409467754	2405529212	37.29908082	-121.8884589	1	111.225710199
 2014-08-31 08:45:06	1409474706	362523555	36.6851654	-121.3195038	1	193.986734978
 2014-08-31 11:06:24	1409483184	16353100	39.7248645	-121.8362659	1	170.013773676
 2014-08-31 13:20:06	1409491206	362523555	36.6855	-121.317	1	194.053428105
 2014-08-31 17:44:23	1409507063	31760327	36.48	-121.0582	1	225.066344064
 2014-08-31 17:45:09	1409507109	362523555	36.48	-121.0582	1	225.066344064
 2014-08-31 20:17:10	1409516230	346383563	37.35022118	-121.93568737	-1	104.492020079
 2014-08-31 21:40:06	1409521206	362523555	39.3444	-120.041	-1	231.953075614
 2014-08-31 21:40:14	1409521214	1286965100	39.3444	-120.041	1	231.953075614
 2014-08-31 22:03:08	1409522588	51372938	37.28291138	-121.81957645	1	115.064699691
 2014-08-31 22:09:59	1409522999	2303486198	36.8003136	-119.7675711	-1	275.781443584
 2014-09-01 01:35:06	1409535306	362523555	39.339	-122.891	1	131.929758381
 2014-09-01 05:41:43	1409550103	1286965100	39.243	-120.1061	1	221.420027815
 2014-09-01 05:45:06	1409550306	362523555	39.2304993	-120.1041641	-1	220.884423471
 2014-09-01 05:45:09	1409550309	31760327	39.2335	-120.0975	1	221.548239495
