 2015-11-27 02:02:54	1448589774	18674040	34.1905594	-97.1615982	1	2293.39327556
 2015-11-26 23:30:14	1448580614	714423140	35.47981284	-97.75810681	1	2199.44186087
 2015-11-26 16:18:34	1448554714	22798618	35.2216	-97.4182	-1	2236.87438831
 2015-11-26 23:01:46	1448578906	256339775	35.2216	-97.4182	1	2236.87438831
 2015-11-26 20:52:51	1448571171	16927848	35.7075	-96.76444444	1	2279.6597409
 2015-11-26 20:52:51	1448571171	16927848	35.7075	-96.76444444	1	2279.6597409
 2015-11-26 20:52:51	1448571171	16927848	35.7075	-96.76444444	1	2279.6597409
 2015-11-26 20:52:51	1448571171	16927848	35.7075	-96.76444444	1	2279.6597409
 2015-11-27 04:28:45	1448598525	231469432	35.73216353	-95.3397868	1	2403.35202221
 2015-11-27 04:28:45	1448598525	231469432	35.73216353	-95.3397868	1	2403.35202221
 2015-11-26 14:15:18	1448547318	2999443608	36.46429606	-97.25150904	1	2217.1837422
 2015-11-26 14:15:18	1448547318	2999443608	36.46429606	-97.25150904	1	2217.1837422
 2015-11-26 14:15:18	1448547318	2999443608	36.46429606	-97.25150904	1	2217.1837422
 2015-11-27 05:37:27	1448602647	308902535	35.1495	-96.4944	-1	2319.76573961
 2015-11-27 05:37:27	1448602647	308902535	35.1495	-96.4944	-1	2319.76573961
 2015-11-27 05:37:27	1448602647	308902535	35.1495	-96.4944	1	2319.76573961
 2015-11-27 01:53:51	1448589231	7940222	34.64333333	-97.95888889	-1	2208.23845351
 2015-11-27 05:37:27	1448602647	308902535	35.1495	-96.4944	-1	2319.76573961
 2015-11-27 01:53:51	1448589231	7940222	34.64333333	-97.95888889	-1	2208.23845351
 2015-11-27 05:37:27	1448602647	308902535	35.1495	-96.4944	1	2319.76573961
 2015-11-27 01:53:51	1448589231	7940222	34.64333333	-97.95888889	1	2208.23845351
 2015-11-27 05:37:27	1448602647	308902535	35.1495	-96.4944	-1	2319.76573961
 2015-11-27 01:53:51	1448589231	7940222	34.64333333	-97.95888889	-1	2208.23845351
 2015-11-27 04:25:40	1448598340	2540088887	36.13232971	-95.96489349	1	2337.86729377
 2015-11-27 04:25:40	1448598340	2540088887	36.13232971	-95.96489349	1	2337.86729377
 2015-11-27 04:25:40	1448598340	2540088887	36.13232971	-95.96489349	1	2337.86729377
 2015-11-27 04:25:40	1448598340	2540088887	36.13232971	-95.96489349	1	2337.86729377
 2015-11-27 04:25:40	1448598340	2540088887	36.13232971	-95.96489349	1	2337.86729377
 2015-11-27 04:25:40	1448598340	2540088887	36.13232971	-95.96489349	1	2337.86729377
 2015-11-27 09:51:26	1448617886	34923867	36.73	-102.51	-1	1751.97227261
 2015-11-27 09:51:26	1448617886	34923867	36.73	-102.51	-1	1751.97227261
 2015-11-27 22:07:58	1448662078	24567654	35.25613309	-97.42191221	1	2235.49505964
 2015-11-27 22:07:58	1448662078	24567654	35.25613309	-97.42191221	1	2235.49505964
 2015-11-27 22:07:58	1448662078	24567654	35.25613309	-97.42191221	1	2235.49505964
 2015-11-28 01:39:01	1448674741	1206689510	34.6094	-98.4178	1	2169.36414336
 2015-11-28 01:39:01	1448674741	1206689510	34.6094	-98.4178	1	2169.36414336
 2015-11-28 01:39:01	1448674741	1206689510	34.6094	-98.4178	1	2169.36414336
 2015-11-28 01:39:01	1448674741	1206689510	34.6094	-98.4178	1	2169.36414336
 2015-11-28 01:28:30	1448674110	34509412	35.83339579	-96.38954541	-1	2308.87285557
 2015-11-28 01:39:01	1448674741	1206689510	34.6094	-98.4178	1	2169.36414336
 2015-11-28 01:28:30	1448674110	34509412	35.83339579	-96.38954541	-1	2308.87285557
 2015-11-27 12:22:17	1448626937	34930325	35.51	-98.97	-1	2092.72813724
 2015-11-27 20:17:05	1448655425	591129477	36.31534047	-98.01895858	-1	2153.89887807
 2015-11-28 01:39:01	1448674741	1206689510	34.6094	-98.4178	1	2169.36414336
 2015-11-28 01:28:30	1448674110	34509412	35.83339579	-96.38954541	-1	2308.87285557
 2015-11-27 11:56:05	1448625365	34930325	36.4	-97.88	-1	2163.92219095
 2015-11-27 12:22:17	1448626937	34930325	35.51	-98.97	-1	2092.72813724
 2015-11-27 17:51:09	1448646669	85636450	34.958	-96.45996	-1	2328.78296195
 2015-11-27 17:51:09	1448646669	85636450	34.958	-96.45996	1	2328.78296195
 2015-11-27 17:51:09	1448646669	85636450	34.958	-96.45996	1	2328.78296195
 2015-11-27 17:51:09	1448646669	85636450	34.958	-96.45996	1	2328.78296195
 2015-11-27 17:51:09	1448646669	85636450	34.958	-96.45996	1	2328.78296195
 2015-11-27 20:21:11	1448655671	1009681260	35.75203601	-96.6889311	-1	2284.99959156
 2015-11-27 20:21:11	1448655671	1009681260	35.75203601	-96.6889311	-1	2284.99959156
 2015-11-27 20:21:11	1448655671	1009681260	35.75203601	-96.6889311	-1	2284.99959156
 2015-11-27 21:36:42	1448660202	34918362	33.9	-94.82	1	2508.01737294
 2015-11-27 23:47:38	1448668058	34918362	34.17	-94.74	-1	2505.35557213
 2015-11-27 20:21:11	1448655671	1009681260	35.75203601	-96.6889311	-1	2284.99959156
 2015-11-27 22:39:03	1448663943	34918362	33.9	-94.82	-1	2508.01737294
 2015-11-27 19:50:57	1448653857	589419748	34.14743754	-94.77890473	1	2502.75388989
 2015-11-27 23:40:20	1448667620	589419748	34.07613222	-94.76730677	-1	2506.2896908
 2015-11-28 02:59:00	1448679540	589419748	33.86889023	-94.57288814	1	2530.70663352
 2015-11-28 02:59:00	1448679540	589419748	33.86889023	-94.57288814	1	2530.70663352
 2015-11-28 02:59:00	1448679540	589419748	33.86889023	-94.57288814	-1	2530.70663352
 2015-11-28 02:59:00	1448679540	589419748	33.86889023	-94.57288814	-1	2530.70663352
 2015-11-28 02:59:00	1448679540	589419748	33.86889023	-94.57288814	1	2530.70663352
 2015-11-28 02:59:00	1448679540	589419748	33.86889023	-94.57288814	1	2530.70663352
 2015-11-28 02:59:00	1448679540	589419748	33.86889023	-94.57288814	-1	2530.70663352
 2015-11-28 00:17:52	1448669872	375622868	36.2894	-97.2878	1	2218.36881098
 2015-11-28 02:59:00	1448679540	589419748	33.86889023	-94.57288814	1	2530.70663352
 2015-11-28 00:17:52	1448669872	375622868	36.2894	-97.2878	1	2218.36881098
 2015-11-28 02:59:00	1448679540	589419748	33.86889023	-94.57288814	-1	2530.70663352
 2015-11-28 00:17:52	1448669872	375622868	36.2894	-97.2878	1	2218.36881098
 2015-11-28 05:58:41	1448690321	785135124	35.6963234	-97.5403824	-1	2212.21381469
 2015-11-28 03:57:59	1448683079	602989465	35.4823	-97.535	-1	2218.85312464
 2015-11-28 05:58:41	1448690321	785135124	35.6963234	-97.5403824	-1	2212.21381469
 2015-11-28 03:57:59	1448683079	602989465	35.4823	-97.535	-1	2218.85312464
 2015-11-28 05:58:41	1448690321	785135124	35.6963234	-97.5403824	-1	2212.21381469
 2015-11-28 03:57:59	1448683079	602989465	35.4823	-97.535	-1	2218.85312464
 2015-11-28 00:01:11	1448668871	244946567	36.75642858	-94.90105123	1	2415.0164882
 2015-11-28 05:58:41	1448690321	785135124	35.6963234	-97.5403824	-1	2212.21381469
 2015-11-28 03:57:59	1448683079	602989465	35.4823	-97.535	-1	2218.85312464
 2015-11-28 00:01:11	1448668871	244946567	36.75642858	-94.90105123	1	2415.0164882
 2015-11-28 02:29:39	1448677779	1007808571	36.12554668	-97.0665396	1	2241.90041365
 2015-11-28 02:29:39	1448677779	1007808571	36.12554668	-97.0665396	1	2241.90041365
 2015-11-28 01:44:06	1448675046	34931677	34.83	-95.61	-1	2407.1110311
 2015-11-27 21:40:30	1448660430	34931677	34.93	-95.77	-1	2389.92517787
 2015-11-28 02:29:39	1448677779	1007808571	36.12554668	-97.0665396	1	2241.90041365
 2015-11-28 01:44:06	1448675046	34931677	34.83	-95.61	-1	2407.1110311
 2015-11-27 21:40:30	1448660430	34931677	34.93	-95.77	-1	2389.92517787
 2015-11-28 05:38:04	1448689084	23712553	35.4122	-97.0984	1	2259.05245242
 2015-11-28 05:38:04	1448689084	23712553	35.4122	-97.0984	1	2259.05245242
 2015-11-28 05:38:04	1448689084	23712553	35.4122	-97.0984	-1	2259.05245242
 2015-11-27 20:29:15	1448656155	3048958938	36.53281726	-95.46970395	-1	2370.87147649
 2015-11-27 14:04:43	1448633083	34930325	35.45	-99.63	-1	2036.87632195
 2015-11-28 05:38:04	1448689084	23712553	35.4122	-97.0984	1	2259.05245242
 2015-11-27 20:29:15	1448656155	3048958938	36.53281726	-95.46970395	-1	2370.87147649
 2015-11-27 14:04:43	1448633083	34930325	35.45	-99.63	-1	2036.87632195
 2015-11-27 20:36:12	1448656572	1613545436	35.40762228	-94.52900004	1	2483.56592761
 2015-11-28 01:04:52	1448672692	16953248	35.6000951	-95.0327332	-1	2433.93425848
 2015-11-28 05:38:04	1448689084	23712553	35.4122	-97.0984	-1	2259.05245242
 2015-11-27 20:29:15	1448656155	3048958938	36.53281726	-95.46970395	-1	2370.87147649
 2015-11-27 14:04:43	1448633083	34930325	35.45	-99.63	-1	2036.87632195
 2015-11-28 03:47:27	1448682447	19069000	35.40446632	-94.52182848	-1	2484.28620276
 2015-11-28 03:47:27	1448682447	19069000	35.40446632	-94.52182848	-1	2484.28620276
 2015-11-28 03:47:27	1448682447	19069000	35.40446632	-94.52182848	-1	2484.28620276
 2015-11-28 03:47:27	1448682447	19069000	35.40446632	-94.52182848	-1	2484.28620276
 2015-11-27 13:18:13	1448630293	17456631	36.19083226	-95.88918686	-1	2342.94077656
 2015-11-27 16:12:42	1448640762	2178436746	36.14094694	-95.97446165	1	2336.80582438
 2015-11-27 14:59:42	1448636382	57037910	36.03021533	-95.92312727	1	2344.22449901
 2015-11-27 15:36:12	1448638572	1009681260	36.15241063	-95.99553495	-1	2334.66622707
 2015-11-27 19:11:34	1448651494	367929590	36.0363	-95.7836	1	2356.23774247
 2015-11-28 00:27:02	1448670422	291524352	36.03000255	-95.92337445	-1	2344.20863193
 2015-11-28 05:18:23	1448687903	231469432	36.15135104	-95.99356205	-1	2334.86615045
 2015-11-28 05:04:08	1448687048	231469432	36.15023664	-95.99549538	1	2334.72668435
 2015-11-27 23:33:39	1448667219	34931677	36.11	-95.63	-1	2367.67691249
 2015-11-27 23:33:39	1448667219	34931677	36.11	-95.63	-1	2367.67691249
 2015-11-27 23:33:39	1448667219	34931677	36.11	-95.63	-1	2367.67691249
 2015-11-27 12:50:10	1448628610	34930325	36.43	-99.39	-1	2031.37936104
 2015-11-27 23:33:39	1448667219	34931677	36.11	-95.63	-1	2367.67691249
 2015-11-27 12:50:10	1448628610	34930325	36.43	-99.39	-1	2031.37936104
 2015-11-28 15:08:52	1448723332	354388283	36.5465	-98.2706	1	2126.28564217
 2015-11-28 15:08:52	1448723332	354388283	36.5465	-98.2706	1	2126.28564217
 2015-11-28 15:08:52	1448723332	354388283	36.5465	-98.2706	1	2126.28564217
 2015-11-28 22:55:59	1448751359	15702639	35.4977	-97.6796	-1	2205.77332617
 2015-11-29 02:41:49	1448764909	70069564	35.47843235	-97.81118326	1	2194.84721619
 2015-11-28 20:11:35	1448741495	17633090	35.5023	-97.7491	-1	2199.56909733
 2015-11-28 13:12:24	1448716344	34930325	35.52	-97.77	-1	2197.22666712
 2015-11-28 22:57:26	1448751446	15702639	35.4977	-97.6796	-1	2205.77332617
 2015-11-28 13:32:07	1448717527	34930325	35.6	-98.12	-1	2164.34221255
 2015-11-29 04:00:20	1448769620	302977558	34.1812	-97.1294	-1	2296.5322255
 2015-11-28 23:47:57	1448754477	35588803	34.1812	-97.1294	-1	2296.5322255
 2015-11-29 04:00:20	1448769620	302977558	34.1812	-97.1294	-1	2296.5322255
 2015-11-28 23:47:57	1448754477	35588803	34.1812	-97.1294	-1	2296.5322255
 2015-11-28 13:47:05	1448718425	34931677	33.94	-95.51	-1	2446.38064006
 2015-11-29 04:00:20	1448769620	302977558	34.1812	-97.1294	-1	2296.5322255
 2015-11-28 23:47:57	1448754477	35588803	34.1812	-97.1294	-1	2296.5322255
 2015-11-28 13:47:05	1448718425	34931677	33.94	-95.51	-1	2446.38064006
 2015-11-29 04:00:20	1448769620	302977558	34.1812	-97.1294	-1	2296.5322255
 2015-11-28 23:47:57	1448754477	35588803	34.1812	-97.1294	-1	2296.5322255
 2015-11-28 13:47:05	1448718425	34931677	33.94	-95.51	-1	2446.38064006
 2015-11-29 04:00:20	1448769620	302977558	34.1812	-97.1294	-1	2296.5322255
 2015-11-28 08:16:47	1448698607	34930325	35.22	-97.44	-1	2235.01981463
 2015-11-28 08:56:29	1448700989	34930325	35.22	-97.44	-1	2235.01981463
 2015-11-28 23:47:57	1448754477	35588803	34.1812	-97.1294	1	2296.5322255
 2015-11-28 08:16:47	1448698607	34930325	35.26	-97.44	-1	2233.79777164
 2015-11-28 22:12:23	1448748743	2606150233	35.5327	-98.7006	-1	2115.58867196
 2015-11-28 18:16:06	1448734566	1210261574	36.4006	-97.8808	-1	2163.83758084
 2015-11-28 14:49:28	1448722168	34930325	36.4	-97.88	1	2163.92219095
 2015-11-28 16:52:47	1448729567	135052331	36.2725	-99.87611111	-1	1992.82259802
 2015-11-28 16:55:03	1448729703	135052331	36.2725	-99.87611111	-1	1992.82259802
 2015-11-28 18:16:06	1448734566	1210261574	36.4006	-97.8808	-1	2163.83758084
 2015-11-28 14:49:28	1448722168	34930325	36.4	-97.88	1	2163.92219095
 2015-11-28 16:52:47	1448729567	135052331	36.2725	-99.87611111	-1	1992.82259802
 2015-11-28 16:55:03	1448729703	135052331	36.2725	-99.87611111	-1	1992.82259802
 2015-11-28 18:16:06	1448734566	1210261574	36.4006	-97.8808	1	2163.83758084
 2015-11-28 14:49:28	1448722168	34930325	36.4	-97.88	-1	2163.92219095
 2015-11-28 16:52:47	1448729567	135052331	36.2725	-99.87611111	-1	1992.82259802
 2015-11-28 16:55:03	1448729703	135052331	36.2725	-99.87611111	-1	1992.82259802
 2015-11-28 15:52:19	1448725939	34930325	35.31	-97.94	1	2188.61968299
 2015-11-28 18:16:06	1448734566	1210261574	36.4006	-97.8808	-1	2163.83758084
 2015-11-28 14:49:28	1448722168	34930325	36.4	-97.88	1	2163.92219095
 2015-11-28 16:52:47	1448729567	135052331	36.2725	-99.87611111	-1	1992.82259802
 2015-11-28 16:55:03	1448729703	135052331	36.2725	-99.87611111	-1	1992.82259802
 2015-11-28 15:52:19	1448725939	34930325	35.31	-97.94	-1	2188.61968299
 2015-11-28 18:16:06	1448734566	1210261574	36.4006	-97.8808	-1	2163.83758084
 2015-11-28 14:49:28	1448722168	34930325	36.4	-97.88	1	2163.92219095
 2015-11-28 16:52:47	1448729567	135052331	36.2725	-99.87611111	-1	1992.82259802
 2015-11-28 16:55:03	1448729703	135052331	36.2725	-99.87611111	-1	1992.82259802
 2015-11-28 15:52:19	1448725939	34930325	35.31	-97.94	-1	2188.61968299
 2015-11-28 18:16:06	1448734566	1210261574	36.4006	-97.8808	1	2163.83758084
 2015-11-28 14:49:28	1448722168	34930325	36.4	-97.88	-1	2163.92219095
 2015-11-28 16:52:47	1448729567	135052331	36.2725	-99.87611111	-1	1992.82259802
 2015-11-28 16:55:03	1448729703	135052331	36.2725	-99.87611111	-1	1992.82259802
 2015-11-28 15:52:19	1448725939	34930325	35.31	-97.94	-1	2188.61968299
 2015-11-28 18:16:06	1448734566	1210261574	36.4006	-97.8808	-1	2163.83758084
 2015-11-28 14:49:28	1448722168	34930325	36.4	-97.88	1	2163.92219095
 2015-11-28 16:52:47	1448729567	135052331	36.2725	-99.87611111	-1	1992.82259802
 2015-11-28 16:55:03	1448729703	135052331	36.2725	-99.87611111	-1	1992.82259802
 2015-11-28 15:52:19	1448725939	34930325	35.31	-97.94	1	2188.61968299
 2015-11-28 18:16:06	1448734566	1210261574	36.4006	-97.8808	-1	2163.83758084
 2015-11-28 14:49:28	1448722168	34930325	36.4	-97.88	1	2163.92219095
 2015-11-28 16:52:47	1448729567	135052331	36.2725	-99.87611111	-1	1992.82259802
 2015-11-28 16:55:03	1448729703	135052331	36.2725	-99.87611111	-1	1992.82259802
 2015-11-28 15:52:19	1448725939	34930325	35.31	-97.94	1	2188.61968299
 2015-11-28 18:16:06	1448734566	1210261574	36.4006	-97.8808	-1	2163.83758084
 2015-11-28 14:49:28	1448722168	34930325	36.4	-97.88	-1	2163.92219095
 2015-11-28 16:52:47	1448729567	135052331	36.2725	-99.87611111	-1	1992.82259802
 2015-11-28 16:55:03	1448729703	135052331	36.2725	-99.87611111	-1	1992.82259802
 2015-11-28 15:52:19	1448725939	34930325	35.31	-97.94	-1	2188.61968299
 2015-11-28 16:00:13	1448726413	17576413	36.69550039	-97.09672624	1	2225.16385072
 2015-11-28 18:16:06	1448734566	1210261574	36.4006	-97.8808	-1	2163.83758084
 2015-11-28 17:50:50	1448733050	56706087	36.69267991	-97.07479623	1	2227.1414367
 2015-11-28 14:49:28	1448722168	34930325	36.4	-97.88	-1	2163.92219095
 2015-11-28 16:52:47	1448729567	135052331	36.2725	-99.87611111	1	1992.82259802
 2015-11-28 16:55:03	1448729703	135052331	36.2725	-99.87611111	-1	1992.82259802
 2015-11-28 15:52:19	1448725939	34930325	35.31	-97.94	-1	2188.61968299
 2015-11-28 18:40:24	1448736024	2358812018	35.8766289	-97.4251938	1	2217.25340472
 2015-11-28 18:40:24	1448736024	2358812018	35.8766289	-97.4251938	1	2217.25340472
 2015-11-28 07:42:41	1448696561	589419748	33.92856917	-94.62214769	1	2524.24508217
 2015-11-28 13:25:55	1448717155	589419748	33.92856917	-94.62214769	-1	2524.24508217
 2015-11-28 07:22:25	1448695345	34918362	34.03	-94.74	-1	2510.31662416
 2015-11-28 11:51:17	1448711477	589419748	33.92856917	-94.62214769	1	2524.24508217
 2015-11-28 13:28:21	1448717301	34918362	33.9	-94.82	1	2508.01737294
 2015-11-28 07:42:41	1448696561	589419748	33.92856917	-94.62214769	1	2524.24508217
 2015-11-28 13:25:55	1448717155	589419748	33.92856917	-94.62214769	-1	2524.24508217
 2015-11-28 07:22:25	1448695345	34918362	34.03	-94.74	1	2510.31662416
 2015-11-28 11:51:17	1448711477	589419748	33.92856917	-94.62214769	-1	2524.24508217
 2015-11-28 13:28:21	1448717301	34918362	33.9	-94.82	1	2508.01737294
 2015-11-28 07:42:41	1448696561	589419748	33.92856917	-94.62214769	1	2524.24508217
 2015-11-28 13:25:55	1448717155	589419748	33.92856917	-94.62214769	-1	2524.24508217
 2015-11-28 07:22:25	1448695345	34918362	34.03	-94.74	1	2510.31662416
 2015-11-28 11:51:17	1448711477	589419748	33.92856917	-94.62214769	1	2524.24508217
 2015-11-28 13:28:21	1448717301	34918362	33.9	-94.82	1	2508.01737294
 2015-11-28 07:42:41	1448696561	589419748	33.92856917	-94.62214769	1	2524.24508217
 2015-11-28 13:25:55	1448717155	589419748	33.92856917	-94.62214769	-1	2524.24508217
 2015-11-28 07:22:25	1448695345	34918362	34.03	-94.74	-1	2510.31662416
 2015-11-28 11:51:17	1448711477	589419748	33.92856917	-94.62214769	1	2524.24508217
 2015-11-28 13:28:21	1448717301	34918362	33.9	-94.82	1	2508.01737294
 2015-11-28 07:42:41	1448696561	589419748	33.92856917	-94.62214769	1	2524.24508217
 2015-11-28 13:25:55	1448717155	589419748	33.92856917	-94.62214769	-1	2524.24508217
 2015-11-28 07:22:25	1448695345	34918362	34.03	-94.74	1	2510.31662416
 2015-11-28 11:51:17	1448711477	589419748	33.92856917	-94.62214769	1	2524.24508217
 2015-11-28 13:28:21	1448717301	34918362	33.9	-94.82	1	2508.01737294
 2015-11-28 07:42:41	1448696561	589419748	33.92856917	-94.62214769	1	2524.24508217
 2015-11-28 13:25:55	1448717155	589419748	33.92856917	-94.62214769	1	2524.24508217
 2015-11-28 07:22:25	1448695345	34918362	34.03	-94.74	1	2510.31662416
 2015-11-28 11:51:17	1448711477	589419748	33.92856917	-94.62214769	1	2524.24508217
 2015-11-28 13:28:21	1448717301	34918362	33.9	-94.82	1	2508.01737294
 2015-11-28 17:34:49	1448732089	2344197170	36.24742102	-97.22808323	1	2224.64824473
 2015-11-28 17:34:49	1448732089	2344197170	36.24742102	-97.22808323	1	2224.64824473
 2015-11-28 17:34:49	1448732089	2344197170	36.24742102	-97.22808323	1	2224.64824473
 2015-11-29 02:14:43	1448763283	34931677	35.62	-95.96	-1	2352.39953831
 2015-11-29 02:15:51	1448763351	34931677	35.62	-95.96	-1	2352.39953831
 2015-11-29 02:14:43	1448763283	34931677	35.62	-95.96	-1	2352.39953831
 2015-11-29 02:15:51	1448763351	34931677	35.62	-95.96	-1	2352.39953831
 2015-11-29 02:14:43	1448763283	34931677	35.62	-95.96	1	2352.39953831
 2015-11-29 02:15:51	1448763351	34931677	35.62	-95.96	1	2352.39953831
 2015-11-29 02:22:35	1448763755	34931677	36.71	-94.94	-1	2412.72813417
 2015-11-29 02:14:43	1448763283	34931677	35.62	-95.96	1	2352.39953831
 2015-11-29 02:15:51	1448763351	34931677	35.62	-95.96	-1	2352.39953831
 2015-11-29 02:22:35	1448763755	34931677	36.71	-94.94	-1	2412.72813417
 2015-11-29 02:14:43	1448763283	34931677	35.62	-95.96	-1	2352.39953831
 2015-11-28 14:14:10	1448720050	61215504	36.1215	-97.0685	-1	2241.83526958
 2015-11-29 02:15:51	1448763351	34931677	35.62	-95.96	-1	2352.39953831
 2015-11-29 02:22:35	1448763755	34931677	36.71	-94.94	-1	2412.72813417
 2015-11-28 20:46:15	1448743575	164054852	36.11451	-97.05835897	1	2242.90375455
 2015-11-28 17:49:54	1448732994	2606150233	35.38209004	-97.01047436	-1	2267.62755903
 2015-11-28 17:49:54	1448732994	2606150233	35.38209004	-97.01047436	-1	2267.62755903
 2015-11-28 17:49:54	1448732994	2606150233	35.38209004	-97.01047436	-1	2267.62755903
 2015-11-28 17:49:54	1448732994	2606150233	35.38209004	-97.01047436	-1	2267.62755903
 2015-11-28 17:49:54	1448732994	2606150233	35.38209004	-97.01047436	1	2267.62755903
 2015-11-28 17:49:54	1448732994	2606150233	35.38209004	-97.01047436	-1	2267.62755903
 2015-11-28 15:36:32	1448724992	289797133	36.15586417	-95.98811892	1	2335.22278556
 2015-11-29 05:09:45	1448773785	1364406288	36.0363	-95.7836	-1	2356.23774247
 2015-11-29 05:09:45	1448773785	1364406288	36.0363	-95.7836	-1	2356.23774247
 2015-11-29 05:09:45	1448773785	1364406288	36.0363	-95.7836	-1	2356.23774247
 2015-11-28 14:58:50	1448722730	34930325	36.69	-98.67	-1	2088.08133118
 2015-11-29 05:09:45	1448773785	1364406288	36.0363	-95.7836	-1	2356.23774247
 2015-11-29 17:39:09	1448818749	98158496	35.20705146	-97.44421475	1	2235.04905456
 2015-11-29 22:32:27	1448836347	174635922	35.32894077	-97.49324181	1	2227.06052805
 2015-11-29 22:32:27	1448836347	174635922	35.32894077	-97.49324181	-1	2227.06052805
 2015-11-29 22:32:27	1448836347	174635922	35.32894077	-97.49324181	1	2227.06052805
 2015-11-29 14:38:07	1448807887	19670406	34.7809	-98.2929	-1	2174.53135932
 2015-11-29 21:51:27	1448833887	508128851	35.5094	-98.9741	-1	2092.38771943
 2015-11-30 04:16:28	1448856988	508128851	35.5094	-98.9741	1	2092.38771943
 2015-11-29 21:51:27	1448833887	508128851	35.5094	-98.9741	-1	2092.38771943
 2015-11-30 04:16:28	1448856988	508128851	35.5094	-98.9741	1	2092.38771943
 2015-11-29 21:51:27	1448833887	508128851	35.5094	-98.9741	-1	2092.38771943
 2015-11-30 04:16:28	1448856988	508128851	35.5094	-98.9741	1	2092.38771943
 2015-11-29 16:23:22	1448814202	17576413	36.69550039	-97.09672624	1	2225.16385072
 2015-11-29 18:23:34	1448821414	389126606	36.69623774	-97.34919473	1	2203.13524161
 2015-11-29 16:23:22	1448814202	17576413	36.69550039	-97.09672624	1	2225.16385072
 2015-11-29 18:23:34	1448821414	389126606	36.69623774	-97.34919473	1	2203.13524161
 2015-11-29 16:23:22	1448814202	17576413	36.69550039	-97.09672624	1	2225.16385072
 2015-11-29 18:23:34	1448821414	389126606	36.69623774	-97.34919473	1	2203.13524161
 2015-11-29 16:23:22	1448814202	17576413	36.69550039	-97.09672624	1	2225.16385072
 2015-11-29 18:23:34	1448821414	389126606	36.69623774	-97.34919473	1	2203.13524161
 2015-11-29 06:56:47	1448780207	207309659	36.12554668	-97.0665396	-1	2241.90041365
 2015-11-29 17:26:41	1448818001	289797133	36.160538	-96.005425	1	2333.59038997
 2015-11-29 18:35:15	1448822115	36887632	36.12208912	-95.98413747	-1	2336.45785743
 2015-11-29 21:23:38	1448832218	196371922	36.1583214	-95.9925537	1	2334.77147446
 2015-11-30 17:16:26	1448903786	475202768	35.23815963	-97.44167247	-1	2234.31800188
 2015-11-30 17:00:07	1448902807	121521011	35.5327	-98.7006	1	2115.58867196
 2015-11-30 17:00:07	1448902807	121521011	35.5327	-98.7006	-1	2115.58867196
 2015-11-30 13:14:17	1448889257	136497576	36.15398	-95.99277	1	2334.86634061
 2015-11-30 15:38:55	1448897935	196371922	36.1583214	-95.9925537	1	2334.77147446
 2015-11-30 22:16:21	1448921781	289797133	36.15231525	-95.97511566	1	2336.45037247
