 2015-11-26 23:30:14	1448580614	714423140	35.47981284	-97.75810681	1	2199.44186087
 2015-11-26 20:52:51	1448571171	16927848	35.7075	-96.76444444	1	2279.6597409
 2015-11-26 13:42:03	1448545323	41101917	35.5822029	-97.6046829	1	2209.85929334
 2015-11-26 13:20:14	1448544014	131669824	35.472	-97.52035	1	2220.43520056
 2015-11-26 14:15:18	1448547318	2999443608	36.46429606	-97.25150904	-1	2217.1837422
 2015-11-26 22:31:33	1448577093	68574383	35.52480651	-97.54482823	1	2216.75135082
 2015-11-26 23:17:32	1448579852	131669824	35.472	-97.52035	1	2220.43520056
 2015-11-26 23:18:36	1448579916	3027773636	35.56881826	-97.56621122	1	2213.60590298
 2015-11-27 01:30:36	1448587836	149621643	35.4823	-97.535	1	2218.85312464
 2015-11-27 04:25:40	1448598340	2540088887	36.13232971	-95.96489349	1	2337.86729377
 2015-11-27 04:25:40	1448598340	2540088887	36.13232971	-95.96489349	1	2337.86729377
 2015-11-27 04:25:40	1448598340	2540088887	36.13232971	-95.96489349	1	2337.86729377
 2015-11-27 04:25:40	1448598340	2540088887	36.13232971	-95.96489349	1	2337.86729377
 2015-11-28 01:39:01	1448674741	1206689510	34.6094	-98.4178	1	2169.36414336
 2015-11-28 01:28:30	1448674110	34509412	35.83339579	-96.38954541	-1	2308.87285557
 2015-11-27 12:22:17	1448626937	34930325	35.51	-98.97	-1	2092.72813724
 2015-11-28 01:39:01	1448674741	1206689510	34.6094	-98.4178	1	2169.36414336
 2015-11-28 01:28:30	1448674110	34509412	35.83339579	-96.38954541	-1	2308.87285557
 2015-11-27 12:22:17	1448626937	34930325	35.51	-98.97	1	2092.72813724
 2015-11-28 01:39:01	1448674741	1206689510	34.6094	-98.4178	1	2169.36414336
 2015-11-28 01:28:30	1448674110	34509412	35.83339579	-96.38954541	-1	2308.87285557
 2015-11-27 12:22:17	1448626937	34930325	35.51	-98.97	-1	2092.72813724
 2015-11-27 17:51:09	1448646669	85636450	34.958	-96.45996	1	2328.78296195
 2015-11-27 17:51:09	1448646669	85636450	34.958	-96.45996	1	2328.78296195
 2015-11-27 20:21:11	1448655671	1009681260	35.75203601	-96.6889311	-1	2284.99959156
 2015-11-28 02:59:00	1448679540	589419748	33.86889023	-94.57288814	1	2530.70663352
 2015-11-28 02:59:00	1448679540	589419748	33.86889023	-94.57288814	1	2530.70663352
 2015-11-28 00:17:52	1448669872	375622868	36.2894	-97.2878	1	2218.36881098
 2015-11-27 13:17:30	1448630250	131669824	35.472	-97.52035	1	2220.43520056
 2015-11-27 22:49:12	1448664552	23712553	35.52480651	-97.54482823	1	2216.75135082
 2015-11-28 05:58:41	1448690321	785135124	35.6963234	-97.5403824	-1	2212.21381469
 2015-11-28 03:57:59	1448683079	602989465	35.4823	-97.535	-1	2218.85312464
 2015-11-28 05:38:04	1448689084	23712553	35.4122	-97.0984	1	2259.05245242
 2015-11-27 14:04:43	1448633083	34930325	35.45	-99.63	-1	2036.87632195
 2015-11-27 23:33:39	1448667219	34931677	36.11	-95.63	-1	2367.67691249
 2015-11-27 13:17:12	1448630232	238386384	36.74678	-95.97902	1	2321.3719647
 2015-11-27 23:33:39	1448667219	34931677	36.11	-95.63	-1	2367.67691249
 2015-11-27 13:17:12	1448630232	238386384	36.74678	-95.97902	1	2321.3719647
 2015-11-28 15:08:52	1448723332	354388283	36.5465	-98.2706	1	2126.28564217
 2015-11-28 15:08:52	1448723332	354388283	36.5465	-98.2706	1	2126.28564217
 2015-11-28 15:08:52	1448723332	354388283	36.5465	-98.2706	1	2126.28564217
 2015-11-28 16:37:49	1448728669	46368646	35.47888889	-98.35361111	-1	2147.46477882
 2015-11-28 16:18:02	1448727482	46368646	35.47888889	-98.35361111	-1	2147.46477882
 2015-11-28 15:08:52	1448723332	354388283	36.5465	-98.2706	1	2126.28564217
 2015-11-28 22:55:59	1448751359	15702639	35.4977	-97.6796	-1	2205.77332617
 2015-11-29 02:41:49	1448764909	70069564	35.47843235	-97.81118326	1	2194.84721619
 2015-11-28 20:11:35	1448741495	17633090	35.5023	-97.7491	-1	2199.56909733
 2015-11-28 13:12:24	1448716344	34930325	35.52	-97.77	-1	2197.22666712
 2015-11-28 22:57:26	1448751446	15702639	35.4977	-97.6796	-1	2205.77332617
 2015-11-28 13:32:07	1448717527	34930325	35.6	-98.12	1	2164.34221255
 2015-11-28 22:12:23	1448748743	2606150233	35.5327	-98.7006	-1	2115.58867196
 2015-11-28 16:52:47	1448729567	135052331	36.2725	-99.87611111	1	1992.82259802
 2015-11-28 16:55:03	1448729703	135052331	36.2725	-99.87611111	-1	1992.82259802
 2015-11-28 18:16:06	1448734566	1210261574	36.4006	-97.8808	1	2163.83758084
 2015-11-28 14:49:28	1448722168	34930325	36.4	-97.88	1	2163.92219095
 2015-11-28 16:52:47	1448729567	135052331	36.2725	-99.87611111	-1	1992.82259802
 2015-11-28 16:55:03	1448729703	135052331	36.2725	-99.87611111	-1	1992.82259802
 2015-11-28 15:52:19	1448725939	34930325	35.31	-97.94	1	2188.61968299
 2015-11-28 18:40:24	1448736024	2358812018	35.8766289	-97.4251938	1	2217.25340472
 2015-11-28 07:42:41	1448696561	589419748	33.92856917	-94.62214769	-1	2524.24508217
 2015-11-28 13:25:55	1448717155	589419748	33.92856917	-94.62214769	-1	2524.24508217
 2015-11-28 07:22:25	1448695345	34918362	34.03	-94.74	1	2510.31662416
 2015-11-28 11:51:17	1448711477	589419748	33.92856917	-94.62214769	-1	2524.24508217
 2015-11-28 13:28:21	1448717301	34918362	33.9	-94.82	1	2508.01737294
 2015-11-28 08:30:02	1448699402	34930325	35.48	-97.27	-1	2242.06388116
 2015-11-28 13:40:49	1448718049	52048861	35.4823	-97.535	-1	2218.85312464
 2015-11-28 08:16:47	1448698607	34930325	35.57	-97.64	-1	2207.12749295
 2015-11-28 07:00:47	1448694047	146116393	35.49493396	-97.5724741	-1	2215.20989394
 2015-11-28 17:34:49	1448732089	2344197170	36.24742102	-97.22808323	1	2224.64824473
 2015-11-28 08:56:29	1448700989	34930325	35.45	-97.44	-1	2228.10053446
 2015-11-28 14:15:55	1448720155	2460628621	35.608258	-97.538887	1	2214.85520052
 2015-11-28 14:32:46	1448721166	16949583	35.49965259	-97.53985035	-1	2217.92082853
 2015-11-28 14:42:42	1448721762	23562574	35.4653	-97.5128	-1	2221.29171396
 2015-11-28 13:55:32	1448718932	20855958	35.4867396	-97.5755333	1	2215.18296171
 2015-11-28 14:13:30	1448720010	602989465	35.4823	-97.535	1	2218.85312464
 2015-11-28 14:12:05	1448719925	602989465	35.4823	-97.535	-1	2218.85312464
 2015-11-28 16:18:59	1448727539	16857170	35.46970539	-97.41288526	-1	2229.88785792
 2015-11-28 15:57:19	1448726239	29366070	35.6572	-97.4649	1	2219.9165429
 2015-11-28 16:14:07	1448727247	16857170	35.46970539	-97.41288526	-1	2229.88785792
 2015-11-28 17:33:40	1448732020	262886650	35.5046	-97.6388	-1	2209.13453389
 2015-11-28 18:30:22	1448735422	16861293	35.65047039	-97.46407649	-1	2220.1802834
 2015-11-28 18:10:07	1448734207	165509266	35.4653015	-97.5179977	1	2220.83774364
 2015-11-28 20:20:12	1448742012	345747399	35.4823	-97.535	1	2218.85312464
 2015-11-28 19:04:33	1448737473	283052921	35.47861	-97.56799	1	2216.08040156
 2015-11-28 19:30:13	1448739013	2149169970	35.57524554	-97.64752327	1	2206.31881484
 2015-11-28 19:10:47	1448737847	2283124525	35.6572	-97.4649	1	2219.9165429
 2015-11-28 20:55:51	1448744151	799834801	35.606596	-97.6289811	-1	2207.0347225
 2015-11-28 21:00:47	1448744447	25385143	35.6572	-97.4649	1	2219.9165429
 2015-11-28 22:04:02	1448748242	61374331	35.52480651	-97.54482823	-1	2216.75135082
 2015-11-28 21:35:15	1448746515	3084793216	35.4823	-97.535	1	2218.85312464
 2015-11-28 22:02:40	1448748160	26079308	35.45945946	-97.50873994	-1	2221.81833312
 2015-11-28 23:40:33	1448754033	76756675	35.6572	-97.4649	1	2219.9165429
 2015-11-28 23:17:15	1448752635	131669824	35.472	-97.52035	1	2220.43520056
 2015-11-29 00:14:17	1448756057	211019042	35.4823	-97.535	-1	2218.85312464
 2015-11-29 00:20:24	1448756424	602989465	35.5458	-97.5423	-1	2216.36134358
 2015-11-29 02:02:56	1448762576	253889791	35.6572	-97.4649	1	2219.9165429
 2015-11-29 03:46:29	1448768789	242189172	35.6559525	-97.4748306	-1	2219.08481774
 2015-11-29 02:32:06	1448764326	799834801	35.606399	-97.6292706	-1	2207.01510111
 2015-11-28 17:49:54	1448732994	2606150233	35.38209004	-97.01047436	-1	2267.62755903
 2015-11-28 14:58:50	1448722730	34930325	36.69	-98.67	-1	2088.08133118
 2015-11-29 05:09:45	1448773785	1364406288	36.0363	-95.7836	-1	2356.23774247
 2015-11-29 04:55:19	1448772919	2369771641	36.1313	-95.9373	1	2340.30208031
 2015-11-29 16:06:31	1448813191	1163251226	35.51395535	-97.9971594	1	2177.56502421
 2015-11-29 21:51:27	1448833887	508128851	35.5094	-98.9741	-1	2092.38771943
 2015-11-30 04:16:28	1448856988	508128851	35.5094	-98.9741	1	2092.38771943
 2015-11-29 16:23:22	1448814202	17576413	36.69550039	-97.09672624	1	2225.16385072
 2015-11-29 18:23:34	1448821414	389126606	36.69623774	-97.34919473	1	2203.13524161
 2015-11-29 16:23:22	1448814202	17576413	36.69550039	-97.09672624	1	2225.16385072
 2015-11-29 18:23:34	1448821414	389126606	36.69623774	-97.34919473	1	2203.13524161
 2015-11-29 16:23:22	1448814202	17576413	36.69550039	-97.09672624	1	2225.16385072
 2015-11-29 18:23:34	1448821414	389126606	36.69623774	-97.34919473	1	2203.13524161
 2015-11-29 13:18:24	1448803104	131669824	35.472	-97.52035	1	2220.43520056
 2015-11-29 22:55:58	1448837758	21658253	35.4823	-97.535	-1	2218.85312464
 2015-11-29 22:56:35	1448837795	21658253	35.4823	-97.535	-1	2218.85312464
 2015-11-29 23:02:30	1448838150	21658253	35.4823	-97.535	-1	2218.85312464
 2015-11-30 00:21:34	1448842894	382924739	35.51485489	-97.56113189	-1	2215.61781405
 2015-11-29 13:14:37	1448802877	169513668	36.0308	-95.7421	1	2360.00677251
 2015-11-29 23:06:25	1448838385	238386384	36.74678	-95.97902	1	2321.3719647
 2015-11-29 13:14:37	1448802877	169513668	36.0308	-95.7421	1	2360.00677251
 2015-11-29 23:06:25	1448838385	238386384	36.74678	-95.97902	1	2321.3719647
 2015-11-29 13:14:37	1448802877	169513668	36.0308	-95.7421	1	2360.00677251
 2015-11-29 23:06:25	1448838385	238386384	36.74678	-95.97902	1	2321.3719647
 2015-11-30 16:15:21	1448900121	193866394	35.45945946	-97.72994851	1	2202.49990323
 2015-11-30 17:00:07	1448902807	121521011	35.5327	-98.7006	1	2115.58867196
 2015-11-30 17:00:07	1448902807	121521011	35.5327	-98.7006	1	2115.58867196
 2015-11-30 11:30:15	1448883015	33505155	35.4348412	-97.2810516	1	2242.42985648
 2015-11-30 16:26:12	1448900772	41101917	35.5167007	-97.5925293	-1	2212.82190334
 2015-11-30 21:45:45	1448919945	1108091262	35.494	-97.4999	-1	2221.57534631
 2015-11-30 13:17:01	1448889421	238386384	36.74678	-95.97902	-1	2321.3719647
