 2015-06-08 15:56:37	1433778997	24370980	44.63612834	-72.67826916	1	4132.95741573
 2015-06-08 15:47:48	1433778468	226978638	44.45803327	-72.69125673	-1	4134.69916496
 2015-06-08 16:12:06	1433779926	24370980	44.63612834	-72.67826916	1	4132.95741573
 2015-06-09 20:24:23	1433881463	27560301	44.17826163	-73.37068834	1	4085.58053256
 2015-06-09 22:04:34	1433887474	96549745	44.2664313	-73.1595035	1	4100.85726882
 2015-06-09 20:17:56	1433881076	133415557	44.00888889	-73.17722222	1	4103.5812344
 2015-06-09 17:11:55	1433869915	299908794	43.1727048	-73.06086594	1	4127.4183522
 2015-06-09 19:50:16	1433879416	2544250500	43.1949159	-73.06780306	1	4126.4525112
 2015-06-09 21:06:19	1433883979	747126990	44.16993094	-73.17616737	1	4101.06810248
 2015-06-09 17:28:55	1433870935	2587789764	43.6106237	-72.9726065	-1	4126.55342635
 2015-06-09 12:45:45	1433853945	2205391949	43.32479342	-73.1518754	1	4117.36305903
 2015-06-09 19:29:06	1433878146	2364820010	43.60362267	-72.97894232	1	4126.17254467
 2015-06-09 12:31:21	1433853081	57405530	43.6056437	-72.9778965	1	4126.22022473
 2015-06-09 23:37:45	1433893065	17626316	43.60794211	-73.18138272	1	4109.99921774
 2015-06-09 17:41:23	1433871683	1457417156	43.637782	-72.94516149	1	4128.25904176
 2015-06-10 10:30:30	1433932230	171052079	44.296757	-72.049585	-1	4187.7715247
 2015-06-10 18:51:11	1433962271	296990262	44.55340997	-72.5917062	-1	4141.02212116
 2015-06-10 13:33:03	1433943183	14307450	44.5221736	-72.74355568	1	4129.5905111
 2015-06-10 11:15:00	1433934900	271449111	44.47187044	-72.68977067	1	4134.59863963
 2015-06-10 20:26:01	1433967961	235946311	44.56983688	-72.60323871	-1	4139.86180816
 2015-06-10 21:10:36	1433970636	16397628	43.7028081	-72.31161475	-1	4177.40769407
 2015-06-10 14:04:05	1433945045	23839500	43.26711553	-72.58973718	1	4163.29059182
 2015-06-10 21:07:56	1433970476	16397628	43.7028081	-72.31161475	1	4177.40769407
 2015-06-10 14:37:59	1433947079	176466856	43.81600929	-72.54308571	-1	4157.04833973
 2015-06-11 03:14:03	1433992443	367635412	43.77966566	-72.69678115	1	4145.49949326
 2015-06-10 12:09:24	1433938164	579076386	43.58757276	-72.46429681	1	4167.36649189
 2015-06-10 14:52:43	1433947963	151329928	43.43519798	-72.72657865	1	4149.2695189
 2015-06-11 15:35:12	1434036912	274444402	44.57090635	-71.89504171	-1	4195.36581155
 2015-06-11 16:48:45	1434041325	2587789764	44.4192627	-72.0151183	1	4188.43729294
 2015-06-11 23:55:17	1434066917	40146929	44.58763337	-71.91616773	1	4193.43839467
 2015-06-11 17:51:55	1434045115	15381827	43.65819521	-72.87226236	1	4133.69374584
 2015-06-11 16:34:36	1434040476	2587789764	43.6106237	-72.9726065	1	4126.55342635
 2015-06-12 23:15:21	1434150921	270798301	44.58800223	-71.9456182	1	4191.1251807
 2015-06-12 23:47:00	1434152820	380073694	44.5875397	-71.9163589	-1	4193.42493953
 2015-06-12 19:25:47	1434137147	833207341	44.57805333	-71.893525	1	4195.36816972
 2015-06-12 15:52:35	1434124355	833207341	44.57805333	-71.893525	1	4195.36816972
 2015-06-12 15:26:03	1434122763	833207341	44.57805333	-71.893525	1	4195.36816972
 2015-06-13 00:31:12	1434155472	40146929	44.5875397	-71.9163589	1	4193.42493953
 2015-06-12 14:51:56	1434120716	833207341	44.57805333	-71.893525	-1	4195.36816972
 2015-06-12 19:55:57	1434138957	1135176434	44.6065	-72.2633	1	4165.93794051
 2015-06-12 19:31:28	1434137488	1135176434	44.6065	-72.2633	1	4165.93794051
 2015-06-13 01:02:14	1434157334	1260439351	44.57850146	-72.28555449	1	4164.63716811
 2015-06-12 19:55:22	1434138922	1135176434	44.6065	-72.2633	-1	4165.93794051
 2015-06-12 23:09:46	1434150586	278873782	44.7462052	-72.17090757	-1	4170.97778192
 2015-06-12 23:10:09	1434150609	113683716	45.0009849	-72.2048396	1	4164.44730613
 2015-06-12 13:53:13	1434117193	579076386	43.5874522	-72.4641585	1	4167.37966744
 2015-06-13 20:09:27	1434226167	52898420	44.40214312	-72.02234639	1	4188.15315582
 2015-06-13 22:20:07	1434234007	52898420	44.45395551	-71.9711833	1	4191.31335311
 2015-06-13 23:38:34	1434238714	52898420	44.45395551	-71.9711833	1	4191.31335311
 2015-06-13 15:37:17	1434209837	1602093210	44.63587622	-72.82537549	1	4121.43085814
 2015-06-13 20:03:22	1434225802	87312834	44.56983688	-72.60323871	1	4139.86180816
 2015-06-13 18:55:06	1434221706	27787597	44.4703033	-72.7403559	1	4130.64929147
 2015-06-13 07:17:45	1434179865	709688113	44.474	-72.7149	1	4132.59123975
 2015-06-13 14:14:47	1434204887	1602093210	44.465282	-72.68689	1	4134.92834812
 2015-06-13 19:30:40	1434223840	87312834	44.56983688	-72.60323871	1	4139.86180816
 2015-06-13 15:33:40	1434209620	13295322	44.1727	-72.834	1	4128.02570806
 2015-06-13 15:41:09	1434210069	27787597	44.35267951	-72.73966838	1	4132.55972736
 2015-06-13 18:18:19	1434219499	20936540	44.1357945	-72.89541667	1	4123.78017277
 2015-06-13 17:56:48	1434218208	822070	44.25717721	-72.5620643	1	4148.08468093
 2015-06-13 18:36:41	1434220601	2955247774	44.1354	-72.895	1	4123.8194985
 2015-06-13 16:11:06	1434211866	20936540	44.1357945	-72.89541667	1	4123.78017277
 2015-06-13 06:33:47	1434177227	36381412	44.14106472	-72.65502047	1	4142.66668243
 2015-06-13 15:58:54	1434211134	20020948	44.17217236	-72.83216888	1	4128.17876424
 2015-06-13 16:25:28	1434212728	19323955	44.2599936	-72.57694439	1	4146.86650102
 2015-06-13 17:44:00	1434217440	822070	44.25731406	-72.56193588	1	4148.09255798
 2015-06-13 15:28:37	1434209317	1205209999	44.2491593	-72.56183052	1	4148.23435601
 2015-06-13 13:40:53	1434202853	27787597	44.33489965	-72.75202274	1	4131.8709532
 2015-06-13 12:01:21	1434196881	3306112120	44.260979	-72.577652	-1	4146.79466453
 2015-06-13 14:30:16	1434205816	27787597	44.3351208	-72.75221164	-1	4131.85255503
 2015-06-13 18:09:33	1434218973	822070	44.26016706	-72.57540326	-1	4146.98506361
 2015-06-13 22:06:06	1434233166	2797921987	43.7325	-72.615	1	4152.81159214
 2015-06-13 16:03:08	1434211388	544621452	43.6215999	-72.5155253	1	4162.6820689
 2015-06-13 17:39:26	1434217166	7208262	43.81909873	-72.52169315	1	4158.68935165
 2015-06-13 20:09:39	1434226179	26056543	43.68710735	-72.32018938	1	4177.01020806
 2015-06-13 20:02:37	1434225757	24282563	43.75102633	-72.39008379	1	4170.32165426
 2015-06-13 20:32:24	1434227544	3062241605	43.776405	-72.771343	1	4139.64340366
 2015-06-13 19:10:18	1434222618	34620051	43.4415588	-72.6984787	-1	4151.39158481
 2015-06-13 18:49:36	1434221376	14079327	43.91580484	-72.79161076	1	4135.64640861
 2015-06-13 14:07:09	1434204429	3062241605	43.7762909	-72.772522	1	4139.55188003
 2015-06-13 17:47:41	1434217661	458176788	43.58846521	-72.65995254	1	4151.80057387
 2015-06-13 15:03:39	1434207819	2425771279	43.71453833	-72.707225	-1	4145.80957966
 2015-06-13 21:52:47	1434232367	243932140	43.26448437	-72.5994807	-1	4162.56241567
 2015-06-13 20:02:36	1434225756	24282563	43.75102633	-72.39008379	-1	4170.32165426
 2015-06-13 19:25:57	1434223557	14289561	43.71862638	-72.3142596	1	4176.9135698
 2015-06-13 21:51:29	1434232289	2208354340	43.67666932	-72.44484445	1	4167.30557434
 2015-06-13 23:08:33	1434236913	27787597	43.48000567	-72.38499648	1	4175.63997476
 2015-06-13 18:28:58	1434220138	24974454	43.65433131	-72.42619811	1	4169.18692041
 2015-06-13 21:12:15	1434229935	24974454	43.63733759	-72.40747119	-1	4170.98016577
 2015-06-13 16:49:16	1434214156	246419131	43.45478938	-72.704333	-1	4150.68425197
 2015-06-13 20:31:39	1434227499	243932140	43.26448715	-72.59257912	1	4163.11316537
 2015-06-13 20:50:10	1434228610	2797921987	43.7325	-72.615	-1	4152.81159214
 2015-06-14 14:37:07	1434292627	52898420	44.45395551	-71.9711833	1	4191.31335311
 2015-06-14 20:02:09	1434312129	87298107	44.58800223	-71.9456182	1	4191.1251807
 2015-06-14 16:39:10	1434299950	34119807	44.4999809	-72.5608597	-1	4144.28037647
 2015-06-14 18:33:35	1434306815	311752411	44.4653	-72.685	1	4135.07654644
 2015-06-14 17:36:01	1434303361	20020948	44.1119	-72.8564	1	4127.25145378
 2015-06-14 18:48:50	1434307730	338493	44.3375	-72.7563	1	4131.49280239
 2015-06-14 22:44:15	1434321855	133945338	44.337637	-72.756412	-1	4131.48180193
 2015-06-14 11:13:03	1434280383	2884158863	44.3510284	-72.7275696	1	4133.53809711
 2015-06-14 20:17:32	1434313052	87312834	44.33753389	-72.75626758	1	4131.49481355
 2015-06-14 18:33:21	1434306801	1135176434	44.2605	-72.5751	-1	4147.00351189
 2015-06-14 18:45:44	1434307544	87312834	44.3376808	-72.7561264	1	4131.5035823
 2015-06-14 22:26:54	1434320814	616200710	44.22637167	-72.51682167	1	4152.15511984
 2015-06-14 18:01:31	1434304891	1135176434	44.2605	-72.5751	1	4147.00351189
 2015-06-14 17:35:51	1434303351	87312834	44.3376808	-72.7561264	1	4131.5035823
 2015-06-14 23:42:35	1434325355	28408616	44.13922878	-72.66062432	1	4142.25487304
 2015-06-14 18:18:05	1434305885	87312834	44.3376808	-72.7561264	1	4131.5035823
 2015-06-14 16:20:48	1434298848	2531215136	44.2586814	-72.5752213	1	4147.02367368
 2015-06-14 22:41:43	1434321703	534545575	44.3371811	-72.7560196	1	4131.51995891
 2015-06-14 18:32:49	1434306769	1135176434	44.2605	-72.5751	1	4147.00351189
 2015-06-14 18:15:56	1434305756	1135176434	44.2605	-72.5751	1	4147.00351189
 2015-06-14 18:21:43	1434306103	14527468	44.1451645	-72.8780365	1	4124.99930022
 2015-06-14 16:43:17	1434300197	338493	44.338	-72.7567	1	4131.45334452
 2015-06-14 20:40:04	1434314404	133945338	44.33489965	-72.75202274	-1	4131.8709532
 2015-06-15 14:50:06	1434379806	809369072	44.53505957	-72.0257455	-1	4185.7042685
 2015-06-15 14:20:36	1434378036	579076386	43.5874522	-72.4641585	1	4167.37966744
 2015-06-16 22:31:32	1434493892	171052079	44.5876744	-71.91610044	-1	4193.44299985
 2015-06-16 16:44:23	1434473063	1266918948	43.6041964	-72.9780454	1	4126.23378757
 2015-06-16 13:32:24	1434461544	611187514	43.60542939	-72.98176954	1	4125.916048
 2015-06-17 18:53:43	1434567223	27580997	42.878234	-73.19698036	-1	4122.06326333
 2015-06-17 21:28:33	1434576513	541240803	44.0295	-73.1721	1	4103.65036577
 2015-06-17 17:11:43	1434561103	25922131	42.8780441	-73.1957703	1	4122.16402698
 2015-06-17 18:47:09	1434566829	803371206	42.90744373	-73.22030971	-1	4119.63316061
 2015-06-17 20:38:46	1434573526	110745713	43.27175097	-73.12373408	1	4120.57287472
 2015-06-17 20:47:11	1434574031	96549745	44.2665299	-73.1593449	-1	4100.86822389
 2015-06-17 12:32:41	1434544361	96549745	44.2665299	-73.1593449	1	4100.86822389
 2015-06-17 21:46:05	1434577565	541240803	44.0295	-73.1721	1	4103.65036577
 2015-06-17 21:34:47	1434576887	541240803	44.0295	-73.1721	1	4103.65036577
 2015-06-17 19:07:58	1434568078	134170257	42.97406978	-73.0721549	-1	4130.24651682
 2015-06-17 20:18:39	1434572319	285245391	42.88175494	-73.19839895	1	4121.88200855
 2015-06-17 21:52:42	1434577962	541240803	44.0295	-73.1721	-1	4103.65036577
 2015-06-17 21:31:17	1434576677	541240803	44.0295	-73.1721	1	4103.65036577
 2015-06-17 18:17:21	1434565041	198674075	44.19635	-73.36177833	1	4086.00041271
 2015-06-17 21:53:12	1434577992	541240803	44.0295	-73.1721	1	4103.65036577
 2015-06-17 13:30:08	1434547808	21145074	43.05773	-73.03797	1	4131.40046268
 2015-06-17 21:48:23	1434577703	541240803	44.0295	-73.1721	1	4103.65036577
 2015-06-17 22:30:26	1434580226	15955804	44.50282669	-72.37046814	1	4159.18050206
 2015-06-17 20:52:53	1434574373	15955804	44.50395288	-72.36769311	1	4159.38032862
 2015-06-17 23:37:48	1434584268	36258256	44.5875397	-71.9163589	1	4193.42493953
 2015-06-18 23:33:31	1434670411	17354801	44.5729485	-71.9721069	1	4189.29375157
 2015-06-18 23:28:57	1434670137	17354801	44.5729485	-71.9721069	1	4189.29375157
 2015-06-18 11:33:46	1434627226	19323955	44.2614	-72.5728	-1	4147.16997829
 2015-06-19 16:24:38	1434731078	96549745	44.2665299	-73.1593449	1	4100.86822389
 2015-06-19 13:11:42	1434719502	803371206	42.8863734	-73.19166067	-1	4122.33446622
 2015-06-19 09:40:26	1434706826	27580997	42.89555408	-73.20492983	-1	4121.09409235
 2015-06-19 23:19:36	1434755976	2877486112	43.90737618	-73.08541986	1	4112.52329288
 2015-06-20 01:29:45	1434763785	15921966	44.19120041	-73.3678923	-1	4085.59845186
 2015-06-19 19:59:37	1434743977	263822024	43.15623824	-72.92495064	1	4138.59268479
 2015-06-20 01:15:47	1434762947	41941976	44.197071	-73.361828	1	4085.98520753
 2015-06-20 00:00:28	1434758428	2877486112	43.90757792	-73.0855765	-1	4112.50752129
 2015-06-19 23:18:46	1434755926	2877486112	43.90737618	-73.08541986	-1	4112.52329288
 2015-06-19 12:50:13	1434718213	96549745	44.2665299	-73.1593449	1	4100.86822389
 2015-06-19 13:58:23	1434722303	43928231	44.167508	-73.252639	1	4095.06980455
 2015-06-19 16:19:33	1434730773	420309333	43.11969768	-72.9180322	1	4139.83192348
 2015-06-20 00:21:14	1434759674	19111994	44.12947138	-72.97453008	1	4117.63716591
 2015-06-19 21:36:52	1434749812	60488822	44.4589	-72.0944	1	4181.55992916
 2015-06-20 02:17:05	1434766625	87298107	44.58800223	-71.9456182	-1	4191.1251807
 2015-06-19 18:01:21	1434736881	2764591288	44.41656409	-72.01649548	-1	4188.37379787
 2015-06-19 16:37:49	1434731869	89838794	44.58800223	-71.9456182	1	4191.1251807
 2015-06-19 14:55:18	1434725718	267810812	44.5878	-71.9158	-1	4193.46449667
 2015-06-20 00:31:05	1434760265	77913714	44.5877052	-71.9111728	-1	4193.82853506
 2015-06-19 13:38:54	1434721134	107222738	43.11434953	-72.90578941	1	4140.91200987
 2015-06-19 16:35:58	1434731758	567688621	43.09565197	-72.92085697	1	4140.05916574
 2015-06-19 17:37:37	1434735457	59734813	43.11317096	-72.90806009	1	4140.75257255
 2015-06-19 21:31:55	1434749515	900051739	43.1132895	-72.90777861	1	4140.77285639
 2015-06-19 13:45:55	1434721555	900051739	43.1132895	-72.90777861	1	4140.77285639
 2015-06-19 21:57:47	1434751067	318708254	43.09599717	-72.92125	1	4140.02120026
 2015-06-19 14:12:33	1434723153	318708254	43.11338883	-72.90545	1	4140.95726854
 2015-06-19 19:09:43	1434740983	249811544	43.14642275	-72.84177776	1	4145.42726503
 2015-06-19 20:49:37	1434746977	307011023	43.09586701	-72.92039456	1	4140.09210715
 2015-06-19 14:36:34	1434724594	39295867	43.11349008	-72.90635307	1	4140.88311647
 2015-06-19 16:09:44	1434730184	2775514272	43.1132895	-72.90777861	1	4140.77285639
 2015-06-19 15:06:38	1434726398	237543592	43.11307493	-72.90839955	1	4140.72722611
 2015-06-19 18:07:18	1434737238	393630157	43.09565197	-72.92085697	1	4140.05916574
 2015-06-19 14:04:19	1434722659	232091346	43.11349008	-72.90635307	1	4140.88311647
 2015-06-19 15:24:39	1434727479	367635412	43.11317096	-72.90806009	1	4140.75257255
 2015-06-19 18:25:04	1434738304	393630157	43.09565197	-72.92085697	1	4140.05916574
 2015-06-19 22:37:09	1434753429	249811544	43.11349008	-72.90635307	1	4140.88311647
 2015-06-19 20:11:34	1434744694	318708254	43.11317096	-72.90806009	1	4140.75257255
 2015-06-19 17:35:15	1434735315	318708254	43.11317096	-72.90806009	1	4140.75257255
 2015-06-19 12:21:04	1434716464	21168862	43.11349008	-72.90635307	1	4140.88311647
 2015-06-19 19:59:53	1434743993	256319675	43.1132895	-72.90777861	-1	4140.77285639
 2015-06-19 18:38:49	1434739129	39636684	43.11317096	-72.90806009	1	4140.75257255
 2015-06-20 17:01:00	1434819660	25256765	44.54194256	-72.00050786	1	4187.57114848
 2015-06-20 21:24:32	1434835472	77913714	44.5881471	-71.9462281	-1	4191.07505052
 2015-06-20 19:07:23	1434827243	77913714	44.5633212	-71.9756339	1	4189.17356456
 2015-06-20 16:56:35	1434819395	25256765	44.54194256	-72.00050786	-1	4187.57114848
 2015-06-21 01:47:14	1434851234	89838794	44.58800223	-71.9456182	1	4191.1251807
 2015-06-20 15:01:17	1434812477	17354801	44.5729485	-71.9721069	1	4189.29375157
 2015-06-20 14:33:45	1434810825	56158648	44.58800223	-71.9456182	1	4191.1251807
 2015-06-20 13:11:09	1434805869	77913714	44.5876378	-71.9153718	-1	4193.50067679
 2015-06-20 13:28:39	1434806919	17354801	44.5729485	-71.9721069	1	4189.29375157
 2015-06-20 14:45:25	1434811525	24416701	44.49401194	-72.73875856	-1	4130.40477648
 2015-06-20 15:14:09	1434813249	24370980	44.63619186	-72.6782907	1	4132.95475661
 2015-06-20 17:30:23	1434821423	528820077	44.43306174	-72.71332065	1	4133.3582796
 2015-06-20 17:32:20	1434821540	17767476	44.4738	-72.7139	-1	4132.67292563
 2015-06-20 18:22:57	1434824577	17767476	44.4738	-72.7139	-1	4132.67292563
 2015-06-20 17:23:15	1434820995	18235785	44.56982387	-72.60322607	1	4139.86300173
 2015-06-20 14:08:42	1434809322	15920394	44.6362991	-72.8098221	-1	4122.64366378
 2015-06-20 14:15:04	1434809704	15920394	44.6362991	-72.8098221	-1	4122.64366378
 2015-06-20 14:04:15	1434809055	15920394	44.6362991	-72.8098221	1	4122.64366378
 2015-06-20 18:12:05	1434823925	285405482	44.5695749	-72.6021701	1	4139.94969783
 2015-06-20 20:36:07	1434832567	16434564	44.16731091	-72.65353751	-1	4142.35012759
 2015-06-20 12:08:18	1434802098	30252327	44.33813	-72.7559	-1	4131.51423714
 2015-06-20 20:33:24	1434832404	58829535	44.1571312	-72.4685516	1	4157.1097107
 2015-06-20 16:32:53	1434817973	188146298	44.3375	-72.7563	1	4131.49280239
 2015-06-20 14:04:04	1434809044	58829535	44.338188	-72.756795	1	4131.44286902
 2015-06-20 19:47:30	1434829650	961465194	44.2921373	-72.68024864	1	4138.20819
 2015-06-20 20:34:32	1434832472	79146279	44.26145518	-72.58047949	-1	4146.56416529
 2015-06-20 17:52:28	1434822748	314886186	44.1144905	-72.8560715	-1	4127.2348937
 2015-06-20 17:51:40	1434822700	2446070234	44.3369	-72.7561	-1	4131.51811477
 2015-06-20 13:54:35	1434808475	524286961	44.18386663	-72.47405028	-1	4156.23034364
 2015-06-20 13:51:59	1434808319	524286961	44.18421438	-72.47417707	1	4156.21456199
 2015-06-20 19:59:41	1434830381	229653446	44.2780914	-72.4307098	1	4158.08626255
 2015-06-20 18:45:37	1434825937	299143101	44.1938782	-72.8203506	1	4128.75802811
 2015-06-20 19:52:29	1434829949	2742793422	44.35265491	-72.73976973	1	4132.55214403
 2015-06-20 18:32:39	1434825159	2446070234	44.3369	-72.7561	1	4131.51811477
 2015-06-20 19:22:28	1434828148	102673405	44.2019196	-72.5068817	1	4153.34250478
 2015-06-20 16:54:45	1434819285	188146298	44.3375	-72.7563	-1	4131.49280239
 2015-06-20 15:30:41	1434814241	1421912934	43.11317096	-72.90806009	1	4140.75257255
 2015-06-20 17:41:02	1434822062	36567333	43.09565197	-72.92085697	1	4140.05916574
 2015-06-21 01:43:03	1434850983	32747320	43.11349008	-72.90635307	1	4140.88311647
 2015-06-20 17:13:37	1434820417	318708254	43.11317096	-72.90806009	1	4140.75257255
 2015-06-20 14:23:47	1434810227	57535290	43.11334226	-72.90795823	1	4140.75749276
 2015-06-20 12:31:26	1434803486	393630157	43.09565197	-72.92085697	1	4140.05916574
 2015-06-20 16:39:11	1434818351	33681266	43.11349008	-72.90635307	1	4140.88311647
 2015-06-21 01:20:38	1434849638	961157144	43.1132895	-72.90777861	1	4140.77285639
 2015-06-20 14:06:23	1434809183	1421912934	43.11317096	-72.90806009	1	4140.75257255
 2015-06-20 15:08:15	1434812895	238669393	43.11349008	-72.90635307	1	4140.88311647
 2015-06-20 18:46:34	1434825994	1563339678	43.1132895	-72.90777861	1	4140.77285639
 2015-06-20 23:43:07	1434843787	393630157	43.11349008	-72.90635307	1	4140.88311647
 2015-06-20 11:54:46	1434801286	18738563	43.09565197	-72.92085697	1	4140.05916574
 2015-06-20 16:08:58	1434816538	318708254	43.09430833	-72.92057833	1	4140.10682893
 2015-06-20 22:35:21	1434839721	318708254	43.1132895	-72.90777861	1	4140.77285639
 2015-06-20 16:08:50	1434816530	318708254	43.09425833	-72.92050333	1	4140.1137744
 2015-06-20 13:38:52	1434807532	126838837	43.1131292	-72.9077745	1	4140.77620635
 2015-06-20 23:45:14	1434843914	248414968	43.11349008	-72.90635307	1	4140.88311647
 2015-06-20 16:32:20	1434817940	74990040	43.11349008	-72.90635307	1	4140.88311647
 2015-06-20 16:10:08	1434816608	40664476	42.8523102	-72.5577927	-1	4173.85632702
 2015-06-20 12:50:08	1434804608	573288946	42.96367722	-72.52680657	1	4174.14462038
 2015-06-20 17:31:30	1434821490	14473173	43.1338348	-72.4443054	1	4177.44023093
 2015-06-20 14:51:31	1434811891	57951158	43.1131292	-72.9077745	1	4140.77620635
 2015-06-20 17:43:22	1434822202	2775514272	43.1131292	-72.9077745	1	4140.77620635
 2015-06-20 20:00:20	1434830420	18738563	43.09565197	-72.92085697	1	4140.05916574
 2015-06-21 01:31:16	1434850276	567688621	43.1131292	-72.9077745	1	4140.77620635
 2015-06-20 20:18:42	1434831522	232091346	43.11349008	-72.90635307	1	4140.88311647
 2015-06-20 22:45:25	1434840325	249811544	43.11349008	-72.90635307	1	4140.88311647
 2015-06-20 20:58:24	1434833904	961157144	43.1132895	-72.90777861	1	4140.77285639
 2015-06-20 17:27:11	1434821231	14473173	43.1338348	-72.4443054	1	4177.44023093
 2015-06-20 17:40:28	1434822028	900051739	43.1132895	-72.90777861	1	4140.77285639
 2015-06-20 20:52:11	1434833531	268472003	42.87924411	-72.57667239	1	4171.80912324
 2015-06-20 15:35:41	1434814541	28441494	43.11349008	-72.90635307	1	4140.88311647
 2015-06-21 00:47:15	1434847635	900051739	43.1132895	-72.90777861	1	4140.77285639
 2015-06-20 23:01:02	1434841262	21733426	43.11349008	-72.90635307	1	4140.88311647
 2015-06-20 23:18:27	1434842307	237543592	43.1132895	-72.90777861	1	4140.77285639
 2015-06-20 19:10:16	1434827416	17890658	43.11317096	-72.90806009	1	4140.75257255
 2015-06-20 22:05:50	1434837950	57951158	43.1131292	-72.9077745	1	4140.77620635
 2015-06-21 01:02:17	1434848537	1104697182	42.92799023	-72.53481897	1	4174.20329555
 2015-06-20 16:55:59	1434819359	24601479	43.11349008	-72.90635307	1	4140.88311647
 2015-06-20 17:13:32	1434820412	1421912934	43.11317096	-72.90806009	1	4140.75257255
 2015-06-20 23:55:34	1434844534	1421912934	43.11349008	-72.90635307	1	4140.88311647
 2015-06-20 18:24:39	1434824679	53536916	43.11349008	-72.90635307	1	4140.88311647
 2015-06-20 15:38:05	1434814685	216509233	42.84955601	-72.58827341	-1	4171.46594138
 2015-06-21 00:36:59	1434847019	59734813	43.1131292	-72.9077745	1	4140.77620635
 2015-06-20 12:50:47	1434804647	367635412	43.11317096	-72.90806009	-1	4140.75257255
 2015-06-20 13:33:41	1434807221	21733426	43.11334226	-72.90795823	1	4140.75749276
 2015-06-20 23:56:05	1434844565	36567333	43.11349008	-72.90635307	-1	4140.88311647
 2015-06-20 11:19:58	1434799198	126838837	43.11334226	-72.90795823	1	4140.75749276
 2015-06-20 12:13:27	1434802407	900051739	43.1132895	-72.90777861	1	4140.77285639
 2015-06-20 22:24:31	1434839071	39636684	43.1131292	-72.9077745	1	4140.77620635
 2015-06-20 23:45:53	1434843953	1421912934	43.11317096	-72.90806009	1	4140.75257255
 2015-06-20 22:21:40	1434838900	53536916	43.09565197	-72.92085697	1	4140.05916574
 2015-06-20 20:12:12	1434831132	318708254	43.11317096	-72.90806009	1	4140.75257255
 2015-06-20 19:11:14	1434827474	20955921	43.11317096	-72.90806009	1	4140.75257255
 2015-06-20 18:29:18	1434824958	113156445	42.7779625	-72.6356911	-1	4169.08339745
 2015-06-21 01:53:44	1434851624	57951158	43.11317096	-72.90806009	1	4140.75257255
 2015-06-21 15:29:30	1434900570	77913714	44.5881923	-71.9113013	1	4193.81055473
 2015-06-21 15:58:43	1434902323	77913714	44.5874936	-71.9161525	1	4193.44185794
 2015-06-21 23:16:34	1434928594	575553178	44.4386	-71.9461	1	4193.53640158
 2015-06-21 15:18:04	1434899884	77913714	44.5870955	-71.9035884	-1	4194.43260918
 2015-06-21 14:27:45	1434896865	18544548	44.5882912	-71.9453506	1	4191.14146177
 2015-06-21 14:20:31	1434896431	1360304840	44.26058158	-72.60400003	-1	4144.72566136
 2015-06-21 11:15:21	1434885321	30252327	44.33813	-72.7559	1	4131.51423714
 2015-06-21 11:16:53	1434885413	364000479	44.2569719	-72.5704731	1	4147.42565043
 2015-06-21 13:16:00	1434892560	396359030	44.18431356	-72.83575026	1	4127.69874389
 2015-06-21 12:46:07	1434890767	472367032	44.26540854	-72.57251676	1	4147.12681419
 2015-06-21 12:07:48	1434888468	3062241605	43.7762909	-72.772522	1	4139.55188003
 2015-06-21 12:02:43	1434888163	3062241605	43.7762909	-72.772522	1	4139.55188003
 2015-06-22 17:17:17	1434993437	413240887	44.5047	-72.3686	1	4159.29723243
 2015-06-23 04:20:35	1435033235	551479621	44.53710569	-72.00458065	1	4187.33050432
 2015-06-22 22:16:33	1435011393	36258256	44.73567187	-72.09014377	1	4177.45792007
 2015-06-22 14:17:00	1434982620	1258937420	44.42550173	-72.02273719	1	4187.73579317
 2015-06-24 01:00:56	1435107656	255245585	44.454116	-72.013399	-1	4187.99698717
 2015-06-23 13:34:03	1435066443	57405530	43.6443758	-72.9843077	1	4125.03289457
 2015-06-23 18:12:24	1435083144	189712167	43.64625	-72.977472	-1	4125.54340755
 2015-06-23 20:44:12	1435092252	95354105	43.5174103	-73.2366028	1	4107.1817806
 2015-06-23 15:51:32	1435074692	1343006174	43.81771571	-73.06332634	-1	4115.7809011
 2015-06-23 20:21:34	1435090894	1343006174	43.81792308	-73.06322061	1	4115.78577473
 2015-06-24 00:33:05	1435105985	120000482	43.654228	-72.325211	1	4177.20560611
 2015-06-23 06:42:39	1435041759	2208354340	43.67279077	-72.32183092	1	4177.13825716
 2015-06-23 15:04:38	1435071878	293810245	43.6656914	-72.5389328	1	4160.03308552
 2015-06-23 12:59:22	1435064362	18782206	43.6220284	-72.5269775	1	4161.76465008
 2015-06-23 14:05:01	1435068301	16100281	43.47932	-72.3862	1	4175.55688052
 2015-06-24 01:04:56	1435107896	82934238	43.81928014	-72.5214974	-1	4158.70168812
 2015-06-23 11:57:52	1435060672	20964866	43.2923088	-72.793251	1	4146.57934552
 2015-06-23 14:31:34	1435069894	579076386	43.5874522	-72.4641585	1	4167.37966744
