 2015-07-09 21:21:56	1436476916	2544250500	37.81974606	-81.53972046	1	3542.00098509
 2015-07-09 22:03:04	1436479384	1305803352	39.56440241	-77.89468183	-1	3806.96899754
 2015-07-09 20:49:18	1436474958	2544250500	37.81949498	-81.55218913	-1	3540.94310895
 2015-07-09 20:23:29	1436473409	2544250500	37.81852873	-82.10676408	-1	3493.60637764
 2015-07-09 18:07:35	1436465255	2544250500	37.79024601	-81.92431217	-1	3509.9272388
 2015-07-09 20:54:07	1436475247	2544250500	37.8082726	-82.04777398	1	3498.91150134
 2015-07-09 17:47:34	1436464054	2544250500	37.8146498	-81.99055492	-1	3503.63431428
 2015-07-10 01:27:26	1436491646	640093	39.66421702	-79.96278562	1	3631.2997918
 2015-07-10 00:33:59	1436488439	640093	39.66416849	-79.96279811	-1	3631.29980348
 2015-07-10 00:03:05	1436486585	640093	39.66405779	-79.96261585	-1	3631.31751848
 2015-07-09 20:45:49	1436474749	432155215	39.34961486	-81.41924565	-1	3515.60541181
 2015-07-09 22:37:56	1436481476	293491850	38.9112754	-79.87136913	-1	3656.28882763
 2015-07-10 16:32:34	1436545954	34929949	38.52	-81.13	-1	3559.18566865
 2015-07-10 22:20:02	1436566802	34929949	38.74	-81.69	-1	3506.4266012
 2015-07-10 18:47:15	1436554035	34929949	38.57	-81.16	-1	3555.42551959
 2015-07-10 16:27:33	1436545653	34929949	38.56	-81.23	-1	3549.72712229
 2015-07-10 16:03:00	1436544180	34929949	38.6	-81.31	-1	3541.97452658
 2015-07-11 00:49:39	1436575779	406424730	37.7408	-81.2293	-1	3570.58599882
 2015-07-10 16:32:50	1436545970	34929949	38.57	-81.13	-1	3557.97108511
 2015-07-11 05:09:46	1436591386	2801786944	37.87898217	-81.3319588	1	3558.18216673
 2015-07-10 16:28:40	1436545720	34929949	38.57	-81.13	-1	3557.97108511
 2015-07-10 18:48:28	1436554108	34929949	38.57	-81.17	-1	3554.57697457
 2015-07-10 18:47:15	1436554035	34929949	38.57	-81.16	-1	3555.42551959
 2015-07-10 16:27:33	1436545653	34929949	38.56	-81.23	1	3549.72712229
 2015-07-10 16:03:00	1436544180	34929949	38.6	-81.31	-1	3541.97452658
 2015-07-11 00:49:39	1436575779	406424730	37.7408	-81.2293	-1	3570.58599882
 2015-07-10 16:32:50	1436545970	34929949	38.57	-81.13	-1	3557.97108511
 2015-07-11 05:09:46	1436591386	2801786944	37.87898217	-81.3319588	1	3558.18216673
 2015-07-10 16:28:40	1436545720	34929949	38.57	-81.13	1	3557.97108511
 2015-07-10 18:48:28	1436554108	34929949	38.57	-81.17	-1	3554.57697457
 2015-07-11 06:20:10	1436595610	34929949	38.46	-81.08	-1	3564.89892627
 2015-07-11 06:19:42	1436595582	34929949	38.5	-81.21	-1	3552.88146148
 2015-07-12 04:44:59	1436676299	813196879	40.43	-80.59527778	1	3562.71177611
 2015-07-12 04:14:58	1436674498	813196879	40.43	-80.59527778	1	3562.71177611
 2015-07-12 05:44:59	1436679899	813196879	40.43	-80.59527778	1	3562.71177611
 2015-07-12 04:30:00	1436675400	813196879	40.43	-80.59527778	-1	3562.71177611
 2015-07-12 04:59:59	1436677199	813196879	40.43	-80.59527778	-1	3562.71177611
 2015-07-12 04:30:00	1436675400	813196879	40.43	-80.59527778	-1	3562.71177611
 2015-07-12 05:14:59	1436678099	813196879	40.43	-80.59527778	-1	3562.71177611
 2015-07-12 05:29:58	1436678998	813196879	40.43	-80.59527778	1	3562.71177611
 2015-07-12 05:14:59	1436678099	813196879	40.43	-80.59527778	-1	3562.71177611
 2015-07-12 05:44:59	1436679899	813196879	40.43	-80.59527778	1	3562.71177611
 2015-07-12 05:29:59	1436678999	813196879	40.43	-80.59527778	-1	3562.71177611
 2015-07-12 04:44:59	1436676299	813196879	40.43	-80.59527778	-1	3562.71177611
 2015-07-12 04:59:59	1436677199	813196879	40.43	-80.59527778	-1	3562.71177611
 2015-07-12 02:27:12	1436668032	30534120	38.3567087	-81.65587433	1	3518.49369839
 2015-07-11 18:43:06	1436640186	582010997	38.35371258	-81.72943113	-1	3512.31065022
 2015-07-11 21:22:51	1436649771	913586455	38.39495273	-81.56407585	1	3525.36333658
 2015-07-12 00:53:01	1436662381	113810011	38.35019	-81.63899	1	3520.08960227
 2015-07-12 01:48:48	1436665728	2771803156	38.41139538	-81.51927426	1	3528.76988892
 2015-07-12 02:27:12	1436668032	30534120	38.3567087	-81.65587433	1	3518.49369839
 2015-07-11 18:43:06	1436640186	582010997	38.35371258	-81.72943113	-1	3512.31065022
 2015-07-11 21:22:51	1436649771	913586455	38.39495273	-81.56407585	1	3525.36333658
 2015-07-12 00:53:01	1436662381	113810011	38.35019	-81.63899	1	3520.08960227
 2015-07-12 01:48:48	1436665728	2771803156	38.41139538	-81.51927426	1	3528.76988892
 2015-07-11 19:53:49	1436644429	26788995	38.22478697	-80.90949166	-1	3585.26399561
 2015-07-13 02:59:59	1436756399	813196879	40.43	-80.59527778	1	3562.71177611
 2015-07-13 04:59:57	1436763597	813196879	40.43	-80.59527778	1	3562.71177611
 2015-07-13 05:59:57	1436767197	813196879	40.43	-80.59527778	1	3562.71177611
 2015-07-13 03:29:57	1436758197	813196879	40.43	-80.59527778	1	3562.71177611
 2015-07-13 03:14:57	1436757297	813196879	40.43	-80.59527778	1	3562.71177611
 2015-07-13 01:29:57	1436750997	813196879	40.43	-80.59527778	-1	3562.71177611
 2015-07-13 01:59:57	1436752797	813196879	40.43	-80.59527778	1	3562.71177611
 2015-07-13 00:59:58	1436749198	813196879	40.43	-80.59527778	-1	3562.71177611
 2015-07-13 00:29:58	1436747398	813196879	40.43	-80.59527778	1	3562.71177611
 2015-07-13 01:14:57	1436750097	813196879	40.43	-80.59527778	1	3562.71177611
 2015-07-13 05:29:57	1436765397	813196879	40.43	-80.59527778	-1	3562.71177611
 2015-07-13 01:44:57	1436751897	813196879	40.43	-80.59527778	1	3562.71177611
 2015-07-13 04:00:02	1436760002	813196879	40.43	-80.59527778	-1	3562.71177611
 2015-07-13 02:14:57	1436753697	813196879	40.43	-80.59527778	-1	3562.71177611
 2015-07-13 04:44:57	1436762697	813196879	40.43	-80.59527778	-1	3562.71177611
 2015-07-13 05:44:58	1436766298	813196879	40.43	-80.59527778	-1	3562.71177611
 2015-07-13 02:29:57	1436754597	813196879	40.43	-80.59527778	1	3562.71177611
 2015-07-13 05:14:57	1436764497	813196879	40.43	-80.59527778	-1	3562.71177611
 2015-07-13 04:29:57	1436761797	813196879	40.43	-80.59527778	-1	3562.71177611
 2015-07-13 00:44:58	1436748298	813196879	40.43	-80.59527778	1	3562.71177611
 2015-07-13 03:44:57	1436759097	813196879	40.43	-80.59527778	-1	3562.71177611
 2015-07-12 14:06:02	1436709962	558948962	39.26554944	-80.32462617	1	3609.75311907
 2015-07-13 02:44:58	1436755498	813196879	40.43	-80.59527778	1	3562.71177611
 2015-07-12 21:33:10	1436736790	938236891	38.3132571	-82.4413316	1	3452.70113439
 2015-07-12 21:33:10	1436736790	938236891	38.3132571	-82.4413316	1	3452.70113439
 2015-07-13 22:43:42	1436827422	34929949	38.67	-80.71	1	3591.16291271
 2015-07-13 22:12:40	1436825560	34929949	38.32	-82.22	-1	3471.3848918
 2015-07-14 05:39:26	1436852366	113810011	38.35019	-81.63899	1	3520.08960227
 2015-07-14 00:53:24	1436835204	113810011	38.35019	-81.63899	1	3520.08960227
 2015-07-14 00:36:47	1436834207	2945398702	38.3856	-81.8364	1	3502.43457127
 2015-07-13 20:48:44	1436820524	2544250500	37.82449703	-81.96078031	-1	3505.92236858
 2015-07-14 05:39:26	1436852366	113810011	38.35019	-81.63899	-1	3520.08960227
 2015-07-13 20:22:49	1436818969	2544250500	37.87406572	-82.03485717	-1	3498.31622542
 2015-07-14 00:53:24	1436835204	113810011	38.35019	-81.63899	1	3520.08960227
 2015-07-14 00:36:47	1436834207	2945398702	38.3856	-81.8364	1	3502.43457127
 2015-07-13 20:26:26	1436819186	913475828	37.82720748	-82.04861199	-1	3498.34982953
 2015-07-13 22:02:17	1436824937	2544250500	38.18821559	-80.87273946	1	3589.32043001
 2015-07-13 11:25:22	1436786722	186892485	39.2543	-81.63966	-1	3499.07838435
 2015-07-13 20:12:59	1436818379	2544250500	38.01821399	-82.50808403	-1	3454.25834523
 2015-07-13 21:55:31	1436824531	2544250500	37.82976816	-81.00139045	1	3587.67578528
 2015-07-13 19:40:09	1436816409	745743350	37.7722391	-81.182126	-1	3573.77815774
 2015-07-14 22:46:37	1436913997	34929949	38.67	-80.77	-1	3586.07863244
 2015-07-14 12:11:43	1436875903	34929949	37.97	-81.64	-1	3529.54880251
 2015-07-14 22:35:39	1436913339	2544250500	37.95255899	-81.72121134	1	3523.06922853
 2015-07-14 23:14:33	1436915673	2544250500	37.86223801	-81.59285034	-1	3536.35686791
 2015-07-14 08:01:37	1436860897	34929949	38.16	-81.63	-1	3525.57648125
 2015-07-15 03:57:04	1436932624	778452156	39.45599085	-77.96578914	-1	3803.59164447
 2015-07-14 21:37:31	1436909851	2613091781	39.0758614	-78.6069526	-1	3758.925244
 2015-07-14 20:45:29	1436906729	2544250500	38.75736162	-81.76131497	1	3499.97498127
 2015-07-14 21:23:57	1436909037	2544250500	38.71388573	-81.70035881	-1	3506.15831888
 2015-07-15 05:44:55	1436939095	813196879	40.43	-80.59527778	1	3562.71177611
 2015-07-15 05:59:55	1436939995	813196879	40.43	-80.59527778	-1	3562.71177611
 2015-07-14 20:51:34	1436907094	2544250500	38.75736162	-81.76131497	-1	3499.97498127
 2015-07-14 08:16:04	1436861764	34929949	38.23	-81.97	1	3494.87567358
 2015-07-14 16:03:48	1436889828	34929949	38.24	-81.99	-1	3492.92569413
 2015-07-14 22:25:44	1436912744	2544250500	38.04546738	-82.04791477	1	3492.83800622
 2015-07-14 07:31:19	1436859079	34929949	38.24	-81.99	-1	3492.92569413
 2015-07-14 07:13:31	1436858011	34929949	38.12	-82.18	-1	3479.70780468
 2015-07-14 09:37:01	1436866621	34929949	38.24	-81.99	-1	3492.92569413
 2015-07-14 23:08:50	1436915330	34929949	38.33	-81.86	-1	3501.78249923
 2015-07-14 22:51:23	1436914283	113810011	38.35019	-81.63899	-1	3520.08960227
 2015-07-14 21:43:22	1436910202	2544250500	38.04546738	-82.04791477	-1	3492.83800622
 2015-07-14 22:44:21	1436913861	1400893518	38.3840512	-81.8270415	-1	3503.26818642
 2015-07-14 08:16:04	1436861764	34929949	38.23	-81.97	1	3494.87567358
 2015-07-14 16:03:48	1436889828	34929949	38.24	-81.99	-1	3492.92569413
 2015-07-14 22:25:44	1436912744	2544250500	38.04546738	-82.04791477	1	3492.83800622
 2015-07-14 07:31:19	1436859079	34929949	38.24	-81.99	-1	3492.92569413
 2015-07-14 07:13:31	1436858011	34929949	38.12	-82.18	-1	3479.70780468
 2015-07-14 09:37:01	1436866621	34929949	38.24	-81.99	-1	3492.92569413
 2015-07-14 23:08:50	1436915330	34929949	38.33	-81.86	-1	3501.78249923
 2015-07-14 22:51:23	1436914283	113810011	38.35019	-81.63899	-1	3520.08960227
 2015-07-14 21:43:22	1436910202	2544250500	38.04546738	-82.04791477	1	3492.83800622
 2015-07-14 22:44:21	1436913861	1400893518	38.3840512	-81.8270415	-1	3503.26818642
 2015-07-14 06:49:07	1436856547	913475828	37.83839688	-82.0267047	-1	3499.93191671
 2015-07-14 20:47:04	1436906824	302632399	39.63286486	-79.95019989	1	3633.04261126
 2015-07-14 22:31:12	1436913072	2544250500	38.42687106	-80.72085525	1	3596.21251914
 2015-07-14 21:33:27	1436909607	2544250500	39.58265106	-78.19182205	-1	3781.64921314
 2015-07-14 21:16:26	1436908586	2544250500	39.55392968	-78.249538	-1	3777.48617681
 2015-07-14 21:48:42	1436910522	2544250500	38.43880661	-80.74252828	-1	3594.07561556
 2015-07-14 21:53:03	1436910783	302632399	39.63286486	-79.95019989	1	3633.04261126
 2015-07-14 18:36:03	1436898963	302632399	39.63286486	-79.95019989	1	3633.04261126
 2015-07-14 21:09:33	1436908173	2544250500	39.04373549	-81.00831671	-1	3557.1157613
 2015-07-15 04:32:55	1436934775	620421362	37.73035353	-81.19664677	1	3573.6520232
 2015-07-14 21:19:14	1436908754	2544250500	38.55524348	-81.44230639	1	3531.82074186
 2015-07-14 11:39:54	1436873994	186892485	39.25455	-81.6394	-1	3499.09488494
 2015-07-14 15:09:21	1436886561	36131682	39.31494424	-81.55394405	-1	3504.99443503
 2015-07-14 19:53:05	1436903585	2544250500	39.21892965	-81.61531412	-1	3501.90773959
 2015-07-14 21:09:33	1436908173	2544250500	39.04373549	-81.00831671	-1	3557.1157613
 2015-07-15 04:32:55	1436934775	620421362	37.73035353	-81.19664677	1	3573.6520232
 2015-07-14 21:19:14	1436908754	2544250500	38.55524348	-81.44230639	1	3531.82074186
 2015-07-14 20:22:00	1436905320	2544250500	39.20341911	-81.60571479	-1	3503.05909002
 2015-07-14 21:49:09	1436910549	163239614	39.28846684	-81.54238066	1	3506.54555604
 2015-07-14 20:22:31	1436905351	432155215	39.34953766	-81.41919672	-1	3515.61121199
 2015-07-14 20:50:02	1436907002	1373439410	39.178894	-81.514267	1	3511.32446601
 2015-07-16 00:02:22	1437004942	79915973	38.42363044	-82.42308355	1	3451.60859997
 2015-07-15 23:42:44	1437003764	34929949	39.21	-81.16	-1	3540.54810464
 2015-07-15 23:42:44	1437003764	34929949	39.21	-81.16	-1	3540.54810464
 2015-07-16 05:59:43	1437026383	432155215	39.34916274	-81.41880853	-1	3515.65207868
