 2015-07-09 22:03:04	1436479384	1305803352	39.56440241	-77.89468183	-1	3806.96899754
 2015-07-09 22:03:04	1436479384	1305803352	39.56440241	-77.89468183	-1	3806.96899754
 2015-07-09 22:03:04	1436479384	1305803352	39.56440241	-77.89468183	-1	3806.96899754
 2015-07-09 22:03:04	1436479384	1305803352	39.56440241	-77.89468183	-1	3806.96899754
 2015-07-09 18:17:18	1436465838	803401897	37.9671019	-81.2224933	-1	3565.2233259
 2015-07-10 00:39:40	1436488780	745743350	37.918843	-80.9666931	-1	3588.28755026
 2015-07-09 21:18:39	1436476719	82700376	38.05959985	-81.07736007	1	3575.19940398
 2015-07-09 18:17:18	1436465838	803401897	37.9671019	-81.2224933	-1	3565.2233259
 2015-07-10 00:39:40	1436488780	745743350	37.918843	-80.9666931	-1	3588.28755026
 2015-07-09 21:18:39	1436476719	82700376	38.05959985	-81.07736007	1	3575.19940398
 2015-07-09 18:17:18	1436465838	803401897	37.9671019	-81.2224933	-1	3565.2233259
 2015-07-10 00:39:40	1436488780	745743350	37.918843	-80.9666931	-1	3588.28755026
 2015-07-09 21:18:39	1436476719	82700376	38.05959985	-81.07736007	1	3575.19940398
 2015-07-09 18:17:18	1436465838	803401897	37.9671019	-81.2224933	-1	3565.2233259
 2015-07-10 00:39:40	1436488780	745743350	37.918843	-80.9666931	-1	3588.28755026
 2015-07-09 21:18:39	1436476719	82700376	38.05959985	-81.07736007	1	3575.19940398
 2015-07-09 18:17:18	1436465838	803401897	37.9671019	-81.2224933	-1	3565.2233259
 2015-07-10 00:39:40	1436488780	745743350	37.918843	-80.9666931	-1	3588.28755026
 2015-07-09 21:18:39	1436476719	82700376	38.05959985	-81.07736007	1	3575.19940398
 2015-07-09 18:17:18	1436465838	803401897	37.9671019	-81.2224933	-1	3565.2233259
 2015-07-10 00:39:40	1436488780	745743350	37.918843	-80.9666931	-1	3588.28755026
 2015-07-09 21:18:39	1436476719	82700376	38.05959985	-81.07736007	1	3575.19940398
 2015-07-09 18:17:18	1436465838	803401897	37.9671019	-81.2224933	-1	3565.2233259
 2015-07-10 00:39:40	1436488780	745743350	37.918843	-80.9666931	-1	3588.28755026
 2015-07-09 21:18:39	1436476719	82700376	38.05959985	-81.07736007	1	3575.19940398
 2015-07-10 01:12:59	1436490779	89329465	38.47855935	-81.65011545	1	3516.01889603
 2015-07-10 01:12:59	1436490779	89329465	38.47855935	-81.65011545	-1	3516.01889603
 2015-07-10 02:34:59	1436495699	83808480	37.709363	-82.183619	-1	3489.87451394
 2015-07-10 02:34:59	1436495699	83808480	37.709363	-82.183619	1	3489.87451394
 2015-07-09 17:41:35	1436463695	302632399	39.63286486	-79.95019989	-1	3633.04261126
 2015-07-09 17:41:34	1436463694	302632399	39.63286486	-79.95019989	1	3633.04261126
 2015-07-09 18:15:05	1436465705	302632399	39.63286486	-79.95019989	1	3633.04261126
 2015-07-09 17:41:34	1436463694	302632399	39.63286486	-79.95019989	1	3633.04261126
 2015-07-09 17:25:15	1436462715	302632399	39.63286486	-79.95019989	1	3633.04261126
 2015-07-09 17:41:36	1436463696	302632399	39.63286486	-79.95019989	1	3633.04261126
 2015-07-09 18:15:04	1436465704	302632399	39.63286486	-79.95019989	1	3633.04261126
 2015-07-09 17:58:18	1436464698	302632399	39.63286486	-79.95019989	1	3633.04261126
 2015-07-09 18:10:44	1436465444	263442733	39.47244741	-79.68069153	-1	3659.25417222
 2015-07-09 17:52:35	1436464355	263442733	39.47244741	-79.68069153	-1	3659.25417222
 2015-07-09 19:03:05	1436468585	263442733	39.47244741	-79.68069153	1	3659.25417222
 2015-07-09 17:37:03	1436463423	263442733	39.47244741	-79.68069153	1	3659.25417222
 2015-07-09 18:46:34	1436467594	263442733	39.47244741	-79.68069153	1	3659.25417222
 2015-07-09 18:10:44	1436465444	263442733	39.47244741	-79.68069153	-1	3659.25417222
 2015-07-09 17:52:35	1436464355	263442733	39.47244741	-79.68069153	-1	3659.25417222
 2015-07-09 19:03:05	1436468585	263442733	39.47244741	-79.68069153	1	3659.25417222
 2015-07-09 14:59:51	1436453991	58408795	38.44658599	-81.95794847	1	3490.62387915
 2015-07-09 17:37:03	1436463423	263442733	39.47244741	-79.68069153	1	3659.25417222
 2015-07-09 18:46:34	1436467594	263442733	39.47244741	-79.68069153	1	3659.25417222
 2015-07-10 00:25:16	1436487916	128924288	38.446022	-81.965339	1	3490.00904188
 2015-07-09 18:10:44	1436465444	263442733	39.47244741	-79.68069153	-1	3659.25417222
 2015-07-09 17:52:35	1436464355	263442733	39.47244741	-79.68069153	-1	3659.25417222
 2015-07-09 19:03:05	1436468585	263442733	39.47244741	-79.68069153	1	3659.25417222
 2015-07-09 14:59:51	1436453991	58408795	38.44658599	-81.95794847	1	3490.62387915
 2015-07-09 17:37:03	1436463423	263442733	39.47244741	-79.68069153	1	3659.25417222
 2015-07-09 18:46:34	1436467594	263442733	39.47244741	-79.68069153	1	3659.25417222
 2015-07-10 00:25:16	1436487916	128924288	38.446022	-81.965339	1	3490.00904188
 2015-07-09 22:37:56	1436481476	293491850	38.9112754	-79.87136913	-1	3656.28882763
 2015-07-09 22:37:56	1436481476	293491850	38.9112754	-79.87136913	-1	3656.28882763
 2015-07-09 22:37:56	1436481476	293491850	38.9112754	-79.87136913	-1	3656.28882763
 2015-07-09 22:37:56	1436481476	293491850	38.9112754	-79.87136913	-1	3656.28882763
 2015-07-09 22:37:56	1436481476	293491850	38.9112754	-79.87136913	-1	3656.28882763
 2015-07-09 22:37:56	1436481476	293491850	38.9112754	-79.87136913	-1	3656.28882763
 2015-07-09 22:37:56	1436481476	293491850	38.9112754	-79.87136913	-1	3656.28882763
 2015-07-10 19:13:30	1436555610	269800172	38.39945348	-82.28157048	-1	3464.22811952
 2015-07-10 22:13:20	1436566400	391089807	40.49858994	-80.53428259	1	3566.49362342
 2015-07-10 20:01:42	1436558502	901810878	38.34084669	-81.61781235	1	3522.12032875
 2015-07-10 23:24:46	1436570686	313525129	38.361719	-81.625906	1	3520.91961341
 2015-07-10 19:33:03	1436556783	18189484	38.33801399	-81.61345837	-1	3522.56031095
 2015-07-11 02:59:56	1436583596	2468218931	38.82511598	-82.00627099	-1	3477.64444498
 2015-07-11 02:59:56	1436583596	2468218931	38.82511598	-82.00627099	-1	3477.64444498
 2015-07-11 02:59:56	1436583596	2468218931	38.82511598	-82.00627099	-1	3477.64444498
 2015-07-11 02:59:56	1436583596	2468218931	38.82511598	-82.00627099	-1	3477.64444498
 2015-07-11 02:59:56	1436583596	2468218931	38.82511598	-82.00627099	-1	3477.64444498
 2015-07-10 19:25:32	1436556332	302632399	39.63286486	-79.95019989	1	3633.04261126
 2015-07-10 17:04:52	1436547892	29677210	39.65297992	-79.95727458	-1	3632.0079974
 2015-07-10 19:25:32	1436556332	302632399	39.63286486	-79.95019989	1	3633.04261126
 2015-07-10 17:04:52	1436547892	29677210	39.65297992	-79.95727458	-1	3632.0079974
 2015-07-10 19:25:32	1436556332	263442733	39.47244741	-79.68069153	1	3659.25417222
 2015-07-10 19:25:32	1436556332	263442733	39.47244741	-79.68069153	1	3659.25417222
 2015-07-10 21:32:34	1436563954	32674740	38.4198799	-82.0408859	1	3484.21331374
 2015-07-10 19:25:32	1436556332	263442733	39.47244741	-79.68069153	1	3659.25417222
 2015-07-10 21:32:34	1436563954	32674740	38.4198799	-82.0408859	1	3484.21331374
 2015-07-11 00:49:39	1436575779	406424730	37.7408	-81.2293	-1	3570.58599882
 2015-07-11 05:09:46	1436591386	2801786944	37.87898217	-81.3319588	1	3558.18216673
 2015-07-11 00:49:39	1436575779	406424730	37.7408	-81.2293	1	3570.58599882
 2015-07-11 05:09:46	1436591386	2801786944	37.87898217	-81.3319588	1	3558.18216673
 2015-07-11 00:49:39	1436575779	406424730	37.7408	-81.2293	1	3570.58599882
 2015-07-11 05:09:46	1436591386	2801786944	37.87898217	-81.3319588	1	3558.18216673
 2015-07-11 00:49:39	1436575779	406424730	37.7408	-81.2293	-1	3570.58599882
 2015-07-11 05:09:46	1436591386	2801786944	37.87898217	-81.3319588	1	3558.18216673
 2015-07-11 00:49:39	1436575779	406424730	37.7408	-81.2293	1	3570.58599882
 2015-07-11 05:09:46	1436591386	2801786944	37.87898217	-81.3319588	1	3558.18216673
 2015-07-11 00:49:39	1436575779	406424730	37.7408	-81.2293	-1	3570.58599882
 2015-07-11 05:09:46	1436591386	2801786944	37.87898217	-81.3319588	1	3558.18216673
 2015-07-11 00:49:39	1436575779	406424730	37.7408	-81.2293	1	3570.58599882
 2015-07-11 05:09:46	1436591386	2801786944	37.87898217	-81.3319588	1	3558.18216673
 2015-07-11 00:49:39	1436575779	406424730	37.7408	-81.2293	-1	3570.58599882
 2015-07-11 05:09:46	1436591386	2801786944	37.87898217	-81.3319588	1	3558.18216673
 2015-07-11 00:49:39	1436575779	406424730	37.7408	-81.2293	1	3570.58599882
 2015-07-11 05:09:46	1436591386	2801786944	37.87898217	-81.3319588	1	3558.18216673
 2015-07-11 22:48:52	1436654932	541906397	37.79627847	-80.56709494	1	3625.60762553
 2015-07-11 18:52:04	1436640724	14993209	39.29452836	-77.78422446	1	3822.73350625
 2015-07-11 13:55:22	1436622922	39073653	38.3524017	-81.6320724	1	3520.62368489
 2015-07-12 02:27:12	1436668032	30534120	38.3567087	-81.65587433	1	3518.49369839
 2015-07-11 18:43:06	1436640186	582010997	38.35371258	-81.72943113	-1	3512.31065022
 2015-07-11 21:22:51	1436649771	913586455	38.39495273	-81.56407585	1	3525.36333658
 2015-07-12 01:48:48	1436665728	2771803156	38.41139538	-81.51927426	1	3528.76988892
 2015-07-12 02:27:12	1436668032	30534120	38.3567087	-81.65587433	1	3518.49369839
 2015-07-11 18:43:06	1436640186	582010997	38.35371258	-81.72943113	-1	3512.31065022
 2015-07-11 21:22:51	1436649771	913586455	38.39495273	-81.56407585	1	3525.36333658
 2015-07-12 01:48:48	1436665728	2771803156	38.41139538	-81.51927426	1	3528.76988892
 2015-07-11 19:53:49	1436644429	26788995	38.22478697	-80.90949166	-1	3585.26399561
 2015-07-11 14:13:39	1436624019	126991470	38.44116273	-82.00163597	1	3487.03944932
 2015-07-11 14:39:31	1436625571	366895627	38.53530816	-81.86097793	1	3496.74164355
 2015-07-11 14:13:39	1436624019	126991470	38.44116273	-82.00163597	1	3487.03944932
 2015-07-11 14:39:31	1436625571	366895627	38.53530816	-81.86097793	1	3496.74164355
 2015-07-12 14:06:02	1436709962	558948962	39.26554944	-80.32462617	1	3609.75311907
 2015-07-12 17:08:27	1436720907	2334180818	38.36036036	-81.68878296	1	3515.60534112
 2015-07-12 23:26:42	1436743602	338052884	38.32262013	-81.64218159	1	3520.49576947
 2015-07-12 22:26:54	1436740014	151720290	39.44705833	-80.17563	1	3618.20971966
 2015-07-12 16:21:21	1436718081	1329540594	39.4819489	-80.1592789	1	3618.80796756
 2015-07-13 02:27:38	1436754458	776793883	39.48393147	-80.16066332	-1	3618.64749694
 2015-07-12 22:26:54	1436740014	151720290	39.44705833	-80.17563	1	3618.20971966
 2015-07-12 16:21:21	1436718081	1329540594	39.4819489	-80.1592789	1	3618.80796756
 2015-07-13 02:27:38	1436754458	776793883	39.48393147	-80.16066332	-1	3618.64749694
 2015-07-12 22:26:54	1436740014	151720290	39.44705833	-80.17563	1	3618.20971966
 2015-07-12 16:21:21	1436718081	1329540594	39.4819489	-80.1592789	1	3618.80796756
 2015-07-13 02:27:38	1436754458	776793883	39.48393147	-80.16066332	-1	3618.64749694
 2015-07-12 22:26:54	1436740014	151720290	39.44705833	-80.17563	1	3618.20971966
 2015-07-12 16:21:21	1436718081	1329540594	39.4819489	-80.1592789	1	3618.80796756
 2015-07-13 02:27:38	1436754458	776793883	39.48393147	-80.16066332	-1	3618.64749694
 2015-07-12 21:33:10	1436736790	938236891	38.3132571	-82.4413316	1	3452.70113439
 2015-07-12 21:33:10	1436736790	938236891	38.3132571	-82.4413316	1	3452.70113439
 2015-07-12 18:05:20	1436724320	37698858	37.5873909	-81.5333481	1	3548.70773974
 2015-07-12 18:05:20	1436724320	37698858	37.5873909	-81.5333481	1	3548.70773974
 2015-07-12 18:05:20	1436724320	37698858	37.5873909	-81.5333481	1	3548.70773974
 2015-07-14 00:12:15	1436832735	61392318	37.92710152	-81.12852814	-1	3574.27482273
 2015-07-14 00:01:05	1436832065	803401897	37.96678783	-81.22135285	1	3565.32868839
 2015-07-14 00:12:15	1436832735	61392318	37.92710152	-81.12852814	-1	3574.27482273
 2015-07-14 00:01:05	1436832065	803401897	37.96678783	-81.22135285	1	3565.32868839
 2015-07-14 00:12:15	1436832735	61392318	37.92710152	-81.12852814	-1	3574.27482273
 2015-07-14 00:01:05	1436832065	803401897	37.96678783	-81.22135285	1	3565.32868839
 2015-07-14 00:12:15	1436832735	61392318	37.92710152	-81.12852814	-1	3574.27482273
 2015-07-13 15:33:10	1436801590	23501514	37.786672	-80.314174	-1	3647.42999445
 2015-07-14 00:01:05	1436832065	803401897	37.96678783	-81.22135285	1	3565.32868839
 2015-07-14 00:12:15	1436832735	61392318	37.92710152	-81.12852814	-1	3574.27482273
 2015-07-13 15:33:10	1436801590	23501514	37.786672	-80.314174	1	3647.42999445
 2015-07-14 00:01:05	1436832065	803401897	37.96678783	-81.22135285	1	3565.32868839
 2015-07-14 00:12:15	1436832735	61392318	37.92710152	-81.12852814	-1	3574.27482273
 2015-07-13 15:33:10	1436801590	23501514	37.786672	-80.314174	1	3647.42999445
 2015-07-14 00:01:05	1436832065	803401897	37.96678783	-81.22135285	1	3565.32868839
 2015-07-13 21:10:23	1436821823	1400893518	38.3448934	-81.6247436	-1	3521.43135077
 2015-07-13 21:04:21	1436821461	18189484	38.3547469	-81.62564398	-1	3521.11287772
 2015-07-14 00:36:47	1436834207	2945398702	38.3856	-81.8364	1	3502.43457127
 2015-07-14 00:36:47	1436834207	2945398702	38.3856	-81.8364	1	3502.43457127
 2015-07-14 00:36:47	1436834207	2945398702	38.3856	-81.8364	1	3502.43457127
 2015-07-14 00:36:47	1436834207	2945398702	38.3856	-81.8364	1	3502.43457127
 2015-07-14 00:06:36	1436832396	20915578	39.6084709	-79.9632721	1	3632.48103523
 2015-07-14 00:06:36	1436832396	20915578	39.6084709	-79.9632721	1	3632.48103523
 2015-07-14 00:06:36	1436832396	20915578	39.6084709	-79.9632721	1	3632.48103523
 2015-07-13 15:17:04	1436800624	3255855240	37.7781702	-81.1881557	1	3573.10621733
 2015-07-13 19:40:09	1436816409	745743350	37.7722391	-81.182126	1	3573.77815774
 2015-07-13 19:40:09	1436816409	745743350	37.7722391	-81.182126	-1	3573.77815774
 2015-07-13 19:40:09	1436816409	745743350	37.7722391	-81.182126	-1	3573.77815774
 2015-07-13 19:40:09	1436816409	745743350	37.7722391	-81.182126	-1	3573.77815774
 2015-07-13 19:40:09	1436816409	745743350	37.7722391	-81.182126	-1	3573.77815774
 2015-07-13 19:40:09	1436816409	745743350	37.7722391	-81.182126	-1	3573.77815774
 2015-07-13 19:40:09	1436816409	745743350	37.7722391	-81.182126	-1	3573.77815774
 2015-07-13 19:40:09	1436816409	745743350	37.7722391	-81.182126	-1	3573.77815774
 2015-07-13 19:40:09	1436816409	745743350	37.7722391	-81.182126	-1	3573.77815774
 2015-07-14 22:32:27	1436913147	740783090	38.40608381	-82.40692313	1	3453.40216834
 2015-07-14 22:02:31	1436911351	740783090	38.40608381	-82.40692313	-1	3453.40216834
 2015-07-14 21:37:31	1436909851	2613091781	39.0758614	-78.6069526	-1	3758.925244
 2015-07-14 21:37:31	1436909851	2613091781	39.0758614	-78.6069526	-1	3758.925244
 2015-07-14 21:37:31	1436909851	2613091781	39.0758614	-78.6069526	-1	3758.925244
 2015-07-14 06:17:30	1436854650	600446511	39.3574967	-77.9242627	-1	3809.44656
 2015-07-14 21:37:31	1436909851	2613091781	39.0758614	-78.6069526	-1	3758.925244
 2015-07-14 06:41:04	1436856064	255173803	38.2646222	-81.3670561	-1	3545.33968692
 2015-07-14 06:17:30	1436854650	600446511	39.3574967	-77.9242627	-1	3809.44656
 2015-07-14 22:44:21	1436913861	1400893518	38.3840512	-81.8270415	-1	3503.26818642
 2015-07-14 22:44:21	1436913861	1400893518	38.3840512	-81.8270415	-1	3503.26818642
 2015-07-14 22:44:21	1436913861	1400893518	38.3840512	-81.8270415	-1	3503.26818642
 2015-07-14 23:46:21	1436917581	40075125	39.478556	-80.166706	-1	3618.25881039
 2015-07-14 22:44:21	1436913861	1400893518	38.3840512	-81.8270415	-1	3503.26818642
 2015-07-14 16:57:33	1436893053	302632399	39.63286486	-79.95019989	1	3633.04261126
 2015-07-14 20:47:04	1436906824	302632399	39.63286486	-79.95019989	1	3633.04261126
 2015-07-14 21:53:03	1436910783	302632399	39.63286486	-79.95019989	1	3633.04261126
 2015-07-14 18:36:03	1436898963	302632399	39.63286486	-79.95019989	1	3633.04261126
 2015-07-14 20:47:04	1436906824	302632399	39.63286486	-79.95019989	1	3633.04261126
 2015-07-14 21:53:03	1436910783	302632399	39.63286486	-79.95019989	1	3633.04261126
 2015-07-14 18:36:03	1436898963	302632399	39.63286486	-79.95019989	1	3633.04261126
 2015-07-14 20:47:04	1436906824	302632399	39.63286486	-79.95019989	1	3633.04261126
 2015-07-14 21:53:03	1436910783	302632399	39.63286486	-79.95019989	1	3633.04261126
 2015-07-14 18:36:03	1436898963	302632399	39.63286486	-79.95019989	1	3633.04261126
 2015-07-14 20:47:04	1436906824	302632399	39.63286486	-79.95019989	1	3633.04261126
 2015-07-14 21:53:03	1436910783	302632399	39.63286486	-79.95019989	1	3633.04261126
 2015-07-14 18:36:03	1436898963	302632399	39.63286486	-79.95019989	1	3633.04261126
 2015-07-14 14:19:07	1436883547	12949592	40.05881072	-80.72424626	-1	3559.201129
 2015-07-14 20:46:04	1436906764	263442733	39.47244741	-79.68069153	1	3659.25417222
 2015-07-14 18:33:04	1436898784	263442733	39.47244741	-79.68069153	-1	3659.25417222
 2015-07-14 16:52:04	1436892724	263442733	39.47244741	-79.68069153	-1	3659.25417222
 2015-07-14 21:51:32	1436910692	263442733	39.47244741	-79.68069153	1	3659.25417222
 2015-07-14 20:46:04	1436906764	263442733	39.47244741	-79.68069153	1	3659.25417222
 2015-07-15 00:34:15	1436920455	257719610	38.43588377	-82.01578796	1	3485.96287009
 2015-07-14 18:33:04	1436898784	263442733	39.47244741	-79.68069153	1	3659.25417222
 2015-07-14 22:02:37	1436911357	456271618	38.4346553	-82.0143185	-1	3486.11736499
 2015-07-14 16:52:04	1436892724	263442733	39.47244741	-79.68069153	1	3659.25417222
 2015-07-15 03:02:52	1436929372	128924288	38.442815	-81.982442	1	3488.63186804
 2015-07-14 21:51:32	1436910692	263442733	39.47244741	-79.68069153	-1	3659.25417222
 2015-07-14 20:46:04	1436906764	263442733	39.47244741	-79.68069153	1	3659.25417222
 2015-07-15 00:34:15	1436920455	257719610	38.43588377	-82.01578796	1	3485.96287009
 2015-07-14 18:33:04	1436898784	263442733	39.47244741	-79.68069153	1	3659.25417222
 2015-07-14 22:02:37	1436911357	456271618	38.4346553	-82.0143185	-1	3486.11736499
 2015-07-14 16:52:04	1436892724	263442733	39.47244741	-79.68069153	-1	3659.25417222
 2015-07-15 03:02:52	1436929372	128924288	38.442815	-81.982442	1	3488.63186804
 2015-07-14 21:51:32	1436910692	263442733	39.47244741	-79.68069153	1	3659.25417222
 2015-07-15 04:32:55	1436934775	620421362	37.73035353	-81.19664677	1	3573.6520232
 2015-07-15 04:32:55	1436934775	620421362	37.73035353	-81.19664677	1	3573.6520232
 2015-07-15 04:32:55	1436934775	620421362	37.73035353	-81.19664677	1	3573.6520232
 2015-07-15 04:32:55	1436934775	620421362	37.73035353	-81.19664677	1	3573.6520232
 2015-07-15 04:32:55	1436934775	620421362	37.73035353	-81.19664677	1	3573.6520232
 2015-07-15 04:32:55	1436934775	620421362	37.73035353	-81.19664677	1	3573.6520232
 2015-07-15 04:32:55	1436934775	620421362	37.73035353	-81.19664677	1	3573.6520232
 2015-07-15 04:32:55	1436934775	620421362	37.73035353	-81.19664677	1	3573.6520232
 2015-07-15 04:32:55	1436934775	620421362	37.73035353	-81.19664677	1	3573.6520232
 2015-07-15 04:32:55	1436934775	620421362	37.73035353	-81.19664677	1	3573.6520232
 2015-07-14 21:49:09	1436910549	163239614	39.28846684	-81.54238066	1	3506.54555604
 2015-07-14 20:50:02	1436907002	1373439410	39.178894	-81.514267	-1	3511.32446601
 2015-07-14 21:49:09	1436910549	163239614	39.28846684	-81.54238066	1	3506.54555604
 2015-07-14 20:50:02	1436907002	1373439410	39.178894	-81.514267	-1	3511.32446601
 2015-07-14 21:49:09	1436910549	163239614	39.28846684	-81.54238066	1	3506.54555604
 2015-07-14 20:50:02	1436907002	1373439410	39.178894	-81.514267	1	3511.32446601
 2015-07-16 00:02:22	1437004942	79915973	38.42363044	-82.42308355	1	3451.60859997
 2015-07-16 00:02:22	1437004942	79915973	38.42363044	-82.42308355	1	3451.60859997
 2015-07-16 00:02:22	1437004942	79915973	38.42363044	-82.42308355	1	3451.60859997
 2015-07-15 18:19:46	1436984386	61392318	37.92689786	-81.12790218	1	3574.33350803
 2015-07-15 14:39:48	1436971188	803401897	37.9668459	-81.2190646	-1	3565.52224277
 2015-07-16 00:02:22	1437004942	79915973	38.42363044	-82.42308355	1	3451.60859997
 2015-07-15 18:19:46	1436984386	61392318	37.92689786	-81.12790218	1	3574.33350803
 2015-07-15 14:39:48	1436971188	803401897	37.9668459	-81.2190646	-1	3565.52224277
 2015-07-16 00:02:22	1437004942	79915973	38.42363044	-82.42308355	1	3451.60859997
 2015-07-15 18:19:46	1436984386	61392318	37.92689786	-81.12790218	1	3574.33350803
 2015-07-15 14:39:48	1436971188	803401897	37.9668459	-81.2190646	-1	3565.52224277
 2015-07-16 00:02:22	1437004942	79915973	38.42363044	-82.42308355	1	3451.60859997
 2015-07-15 18:19:46	1436984386	61392318	37.92689786	-81.12790218	1	3574.33350803
 2015-07-15 14:39:48	1436971188	803401897	37.9668459	-81.2190646	-1	3565.52224277
 2015-07-16 00:02:22	1437004942	79915973	38.42363044	-82.42308355	1	3451.60859997
 2015-07-15 18:19:46	1436984386	61392318	37.92689786	-81.12790218	1	3574.33350803
 2015-07-15 14:39:48	1436971188	803401897	37.9668459	-81.2190646	-1	3565.52224277
 2015-07-15 17:36:02	1436981762	2291611988	39.6479797	-79.8915405	1	3637.63501888
 2015-07-15 17:06:41	1436980001	23957067	39.6302795	-79.9556961	-1	3632.63791574
 2015-07-15 21:22:16	1436995336	128924288	38.446022	-81.965339	1	3490.00904188
 2015-07-15 19:44:28	1436989468	15789174	38.4435	-81.98478	1	3488.41659942
 2015-07-15 21:22:16	1436995336	128924288	38.446022	-81.965339	1	3490.00904188
 2015-07-15 19:44:28	1436989468	15789174	38.4435	-81.98478	1	3488.41659942
 2015-07-15 17:29:29	1436981369	1029895921	37.54337533	-81.79975069	-1	3527.1041147
