 2015-07-09 19:52:57	1436471577	17594737	38.42175128	-82.43737014	1	3450.43761821
 2015-07-10 02:12:24	1436494344	383440511	38.424275	-82.42002167	1	3451.85379919
 2015-07-09 17:41:47	1436463707	1681978375	38.42746333	-82.20723667	1	3469.88144857
 2015-07-10 00:25:26	1436487926	21815523	38.41757149	-82.44499471	1	3449.88829974
 2015-07-09 16:24:58	1436459098	2925069368	38.3482085	-82.14999142	-1	3476.66067157
 2015-07-09 23:03:07	1436482987	15478914	38.4233	-82.4399	-1	3450.185473
 2015-07-09 15:12:05	1436454725	3305566690	38.4123297	-82.4548591	-1	3449.17366873
 2015-07-10 02:28:39	1436495319	78986399	38.32801025	-82.3551445	-1	3459.68443523
 2015-07-09 17:56:22	1436464582	26069773	38.40878278	-82.42739226	1	3451.59576545
 2015-07-09 22:50:41	1436482241	61226312	38.42069667	-82.41893833	-1	3452.0312038
 2015-07-10 02:12:42	1436494362	193130903	38.40766645	-82.40823566	1	3453.25268907
 2015-07-10 01:16:45	1436491005	58408795	38.42133234	-82.28712068	1	3463.23208942
 2015-07-10 02:18:49	1436494729	111888987	38.4107015	-82.4889148	-1	3446.31406289
 2015-07-10 02:07:12	1436494032	111888987	38.4106825	-82.4890107	-1	3446.30635321
 2015-07-10 02:23:19	1436494999	111888987	38.4106697	-82.4890865	-1	3446.30020663
 2015-07-09 23:23:28	1436484208	1344375840	38.41805792	-82.42397327	-1	3451.665613
 2015-07-10 02:31:52	1436495512	111888987	38.4106939	-82.4891353	-1	3446.29547717
 2015-07-10 01:09:37	1436490577	58408795	38.41910235	-82.26476658	1	3465.18729723
 2015-07-09 16:50:30	1436460630	262949126	38.42453139	-82.26063961	1	3465.40854964
 2015-07-09 23:01:12	1436482872	15478914	38.4233	-82.4399	-1	3450.185473
 2015-07-09 07:47:24	1436428044	1252762801	39.3945998	-80.3011427	-1	3608.82038616
 2015-07-09 10:47:23	1436438843	321380392	39.2723301	-80.3331098	1	3608.88415006
 2015-07-09 11:24:48	1436441088	525887501	38.35026342	-81.61670652	-1	3521.98304283
 2015-07-09 11:23:43	1436441023	422940238	39.64401685	-79.95894008	1	3632.06440066
 2015-07-09 20:46:22	1436474782	2722398505	39.62941448	-79.95527601	1	3632.69216919
 2015-07-09 17:41:35	1436463695	302632399	39.63286486	-79.95019989	-1	3633.04261126
 2015-07-09 21:38:21	1436477901	422940238	39.6299098	-79.95585252	-1	3632.63289689
 2015-07-09 17:41:34	1436463694	302632399	39.63286486	-79.95019989	1	3633.04261126
 2015-07-09 18:12:29	1436465549	359684731	39.63067051	-79.95419593	-1	3632.75528157
 2015-07-09 18:15:05	1436465705	302632399	39.63286486	-79.95019989	-1	3633.04261126
 2015-07-09 20:41:20	1436474480	632073917	39.65645605	-79.91909981	1	3635.13609271
 2015-07-09 06:30:24	1436423424	195210088	39.6554437	-79.9287695	1	3634.34666306
 2015-07-09 17:30:59	1436463059	23957067	39.6339989	-79.9551315	-1	3632.60371104
 2015-07-09 20:42:58	1436474578	29351282	39.64967013	-79.94920639	1	3632.75767096
 2015-07-09 17:41:34	1436463694	302632399	39.63286486	-79.95019989	1	3633.04261126
 2015-07-09 17:25:15	1436462715	302632399	39.63286486	-79.95019989	1	3633.04261126
 2015-07-09 11:13:52	1436440432	422940238	39.64401965	-79.95900219	1	3632.0591255
 2015-07-09 19:35:30	1436470530	236580681	39.63184771	-79.98943789	-1	3629.77067727
 2015-07-09 15:29:55	1436455795	1592443849	39.64738222	-79.92389174	1	3634.93267992
 2015-07-09 20:39:54	1436474394	433646824	39.64824833	-79.90188941	1	3636.76049339
 2015-07-09 17:41:36	1436463696	302632399	39.63286486	-79.95019989	-1	3633.04261126
 2015-07-09 18:19:03	1436465943	34921316	39.64	-79.95	-1	3632.90290459
 2015-07-09 18:15:04	1436465704	302632399	39.63286486	-79.95019989	1	3633.04261126
 2015-07-09 17:58:18	1436464698	302632399	39.63286486	-79.95019989	1	3633.04261126
 2015-07-09 21:12:33	1436476353	422940238	39.65226606	-79.96400787	1	3631.45843035
 2015-07-09 20:42:22	1436474542	77046829	39.6544	-79.9714	1	3630.7912742
 2015-07-09 20:08:55	1436472535	1865180438	39.67693	-79.843668	1	3641.01791771
 2015-07-09 14:52:09	1436453529	487803673	39.64329445	-79.95750736	1	3632.20049478
 2015-07-09 13:01:38	1436446898	404404960	39.58784115	-79.9571166	1	3633.45256332
 2015-07-09 07:22:37	1436426557	38498402	39.62969684	-79.95598555	-1	3632.62640205
 2015-07-09 17:49:54	1436464194	345781612	40.03216078	-80.65906067	1	3565.19494869
 2015-07-09 22:16:29	1436480189	12695302	40.0754	-80.6917	-1	3561.59238719
 2015-07-09 22:31:25	1436481085	193178543	38.28023194	-80.85083854	1	3588.8476784
 2015-07-09 22:27:27	1436480847	12695302	40.0754	-80.6917	-1	3561.59238719
 2015-07-09 15:57:44	1436457464	1127064259	40.06725507	-80.72231099	-1	3559.19369096
 2015-07-10 00:12:33	1436487153	47871243	38.29827018	-80.83424772	1	3589.80280229
 2015-07-09 22:28:36	1436480916	353314593	40.06485338	-80.67866618	1	3562.89495737
 2015-07-09 13:17:27	1436447847	114558597	37.73504188	-81.20595605	1	3572.73232296
 2015-07-09 16:40:22	1436460022	367454342	37.76754184	-80.98663634	1	3590.58743649
 2015-07-09 13:08:18	1436447298	114558597	37.63136939	-81.11195225	1	3583.53920536
 2015-07-09 13:09:26	1436447366	114558597	37.64160155	-81.10935805	1	3583.48492541
 2015-07-09 20:19:21	1436473161	25052248	37.772917	-81.229395	-1	3569.72535632
 2015-07-09 14:43:21	1436453001	716536490	37.6789781	-81.1210057	1	3581.4849247
 2015-07-09 22:13:30	1436480010	323296045	37.81459901	-81.18703885	1	3572.23784774
 2015-07-09 14:33:01	1436452381	479990275	37.80177078	-81.21782319	-1	3569.949593
 2015-07-09 22:15:44	1436480144	12949592	39.69549247	-80.85107925	-1	3556.03871834
 2015-07-10 16:38:33	1436546313	16424574	38.42233534	-82.44345546	1	3449.90587491
 2015-07-10 12:02:32	1436529752	55623701	38.42343225	-82.44055701	1	3450.12641674
 2015-07-10 18:22:59	1436552579	79915973	38.4208131	-82.44392349	1	3449.90227959
 2015-07-10 16:54:08	1436547248	16424574	38.42294054	-82.44359493	1	3449.87960323
 2015-07-10 11:29:30	1436527770	26069773	38.41094389	-82.43013343	1	3451.31094447
 2015-07-10 18:41:32	1436553692	12614372	38.40908	-82.440345	-1	3450.48634069
 2015-07-10 11:38:14	1436528294	111888987	38.4106122	-82.4890782	-1	3446.30228191
 2015-07-10 18:13:41	1436552021	12614372	38.42084408	-82.4437001	1	3449.92055215
 2015-07-10 18:26:54	1436552814	12614372	38.4208131	-82.44392349	1	3449.90227959
 2015-07-10 16:40:11	1436546411	796663968	38.42249577	-82.43068093	-1	3450.98911911
 2015-07-10 16:30:13	1436545813	111888987	38.4106498	-82.4890795	-1	3446.30127614
 2015-07-10 11:37:43	1436528263	111888987	38.4106477	-82.4892284	-1	3446.28865332
 2015-07-10 22:13:20	1436566400	391089807	40.49858994	-80.53428259	1	3566.49362342
 2015-07-10 17:23:02	1436548982	93698529	40.62045382	-80.60987621	1	3557.92018967
 2015-07-10 16:43:12	1436546592	93698529	40.62045928	-80.60989159	1	3557.91880873
 2015-07-10 17:22:13	1436548933	93698529	40.62045382	-80.60987621	1	3557.92018967
 2015-07-10 14:04:29	1436537069	41152832	39.32566465	-80.23241579	1	3616.15785144
 2015-07-10 15:26:42	1436542002	424367350	39.40559784	-80.28129852	1	3610.24466237
 2015-07-10 21:08:55	1436562535	50018071	39.26982861	-80.31447887	1	3610.51094904
 2015-07-10 21:05:52	1436562352	2759427506	39.281325	-80.25665333	-1	3615.12192547
 2015-07-10 15:57:36	1436543856	1252762801	39.3946315	-80.301042	1	3608.82815316
 2015-07-10 21:04:11	1436562251	28801117	39.29692436	-80.36353602	1	3605.76311922
 2015-07-10 21:14:56	1436562896	28801117	39.2984	-80.3603	1	3606.00239197
 2015-07-10 21:29:31	1436563771	72076273	39.3127417	-80.2727267	1	3613.05518248
 2015-07-10 12:34:53	1436531693	499277447	38.50009889	-81.34761858	1	3541.19332241
 2015-07-11 02:27:38	1436581658	525887501	38.35026342	-81.61670652	1	3521.98304283
 2015-07-10 20:01:42	1436558502	901810878	38.34084669	-81.61781235	-1	3522.12032875
 2015-07-11 01:18:10	1436577490	2247492152	38.3494682	-81.6360321	1	3520.35889383
 2015-07-11 01:51:46	1436579506	117016362	38.4134175	-81.80675396	-1	3504.28050526
 2015-07-10 15:48:33	1436543313	504959012	38.50620484	-81.37655779	1	3538.58761547
 2015-07-10 20:17:57	1436559477	579898443	38.34512361	-81.72501581	1	3512.89653021
 2015-07-10 21:30:10	1436563810	35866507	38.37001215	-81.72535127	1	3512.25918515
 2015-07-10 17:06:42	1436548002	338707672	38.47774375	-81.66147393	1	3515.07344014
 2015-07-10 22:25:19	1436567119	2370897001	38.35398733	-81.6378889	1	3520.0900896
 2015-07-10 23:58:53	1436572733	423839143	38.33491471	-81.60715827	1	3523.17242479
 2015-07-11 01:28:43	1436578123	30534120	38.37662167	-81.684775	-1	3515.54855817
 2015-07-10 16:45:23	1436546723	579898443	38.35497722	-81.63908377	1	3519.96418736
 2015-07-10 23:24:46	1436570686	313525129	38.361719	-81.625906	1	3520.91961341
 2015-07-10 23:58:15	1436572695	312063186	38.31668833	-81.71731667	1	3514.24945036
 2015-07-10 17:21:48	1436548908	267399130	38.333239	-81.588015	1	3524.84196628
 2015-07-10 14:43:27	1436539407	323403674	38.25444667	-81.57749167	-1	3527.6869198
 2015-07-11 00:57:49	1436576269	424367350	39.44160674	-80.14446772	1	3620.95283016
 2015-07-10 20:51:26	1436561486	151720290	39.44708	-80.17596333	1	3618.1811966
 2015-07-11 00:44:15	1436575455	801351619	39.48510506	-80.14704038	1	3619.76695655
 2015-07-10 20:49:22	1436561362	151720290	39.44712591	-80.17581133	1	3618.19295835
 2015-07-11 00:20:12	1436574012	9642072	39.4740549	-80.1367853	-1	3620.87511587
 2015-07-11 00:13:30	1436573610	9642072	39.4740552	-80.13670057	1	3620.88223453
 2015-07-10 20:54:41	1436561681	230347877	39.44521394	-80.15424335	-1	3620.04991488
 2015-07-10 23:50:54	1436572254	2452300928	39.483314	-80.147018	1	3619.80864743
 2015-07-10 13:36:35	1436535395	34921316	39.63	-79.93	-1	3634.80133815
 2015-07-10 15:20:23	1436541623	432815496	39.6288805	-79.9595682	1	3632.34353234
 2015-07-10 11:39:39	1436528379	40125832	39.5228844	-79.8989029	1	3639.7840397
 2015-07-10 16:15:43	1436544943	423711399	39.64909574	-79.89782545	-1	3637.08301251
 2015-07-10 13:36:35	1436535395	34921316	39.63	-79.92	-1	3635.64085631
 2015-07-10 14:12:35	1436537555	379233945	39.64315	-79.99825333	-1	3628.78311514
 2015-07-10 12:52:46	1436532766	1305803352	39.63454731	-79.95364801	1	3632.71622371
 2015-07-10 15:25:44	1436541944	294867358	39.64910185	-79.9502618	-1	3632.68152213
 2015-07-10 16:27:36	1436545656	304071627	39.63200007	-79.95163295	1	3632.94127757
 2015-07-10 14:02:52	1436536972	525969903	39.64399889	-79.92064476	1	3635.27941364
 2015-07-10 16:25:11	1436545511	286669093	39.6273537	-79.9614334	-1	3632.2204454
 2015-07-10 11:47:10	1436528830	514449213	39.66820379	-79.95249297	1	3632.07656422
 2015-07-10 16:35:10	1436546110	334982202	39.6318842	-79.9497618	1	3633.10090964
 2015-07-10 10:50:48	1436525448	591280750	37.791145	-81.211438	-1	3570.77546365
 2015-07-10 17:34:36	1436549676	2852053726	37.83270656	-81.11478777	-1	3577.92451304
 2015-07-10 14:58:40	1436540320	44716102	39.67887714	-80.85518044	1	3556.04455828
 2015-07-10 20:49:22	1436561362	637200257	39.60845464	-80.77167197	1	3564.55951003
 2015-07-10 17:34:56	1436549696	309734002	39.65437453	-80.85732018	-1	3556.38294457
 2015-07-11 13:55:37	1436622937	1609657442	39.5276276	-77.9146627	-1	3806.16796979
 2015-07-11 18:16:54	1436638614	1013551482	39.45721521	-77.9705468	1	3803.16345189
 2015-07-11 12:59:34	1436619574	372068094	39.44702784	-77.98821718	-1	3801.92563545
 2015-07-11 11:45:15	1436615115	135175369	39.49564983	-78.06274537	1	3794.51784616
 2015-07-11 16:08:13	1436630893	1305803352	39.44645007	-77.95552168	1	3804.68101432
 2015-07-11 13:56:10	1436622970	421095102	38.41110031	-82.3857587	1	3455.08351438
 2015-07-11 16:36:59	1436632619	411926705	38.41608	-82.26000333	-1	3465.66488495
 2015-07-11 15:55:15	1436630115	796663968	38.41964618	-82.28356778	-1	3463.57468518
 2015-07-11 16:28:08	1436632088	262949126	38.45244977	-82.27189158	1	3463.78508967
 2015-07-11 19:07:20	1436641640	32282554	37.80276679	-80.44694981	1	3635.67727288
 2015-07-11 20:16:08	1436645768	1188039194	37.95114542	-80.48740583	1	3628.27556202
 2015-07-11 15:46:25	1436629585	77529781	37.77717136	-80.46220696	1	3635.06509874
 2015-07-11 23:31:08	1436657468	83933389	40.5816	-80.5534	1	3563.3425567
 2015-07-11 19:33:48	1436643228	253644282	39.42161178	-77.82110594	1	3816.54903349
 2015-07-11 14:21:33	1436624493	2544736856	39.28932871	-77.86127532	-1	3816.3927376
 2015-07-11 20:54:09	1436648049	2976817479	38.96091424	-81.76029531	1	3495.39542034
 2015-07-11 18:52:04	1436640724	14993209	39.29452836	-77.78422446	1	3822.73350625
 2015-07-11 13:12:03	1436620323	96234299	38.75662505	-81.69529523	-1	3505.59013714
 2015-07-11 16:45:58	1436633158	14710973	39.2095	-77.9244	1	3813.0506489
 2015-07-11 16:53:01	1436633581	253644282	39.42161178	-77.82110594	-1	3816.54903349
 2015-07-11 18:55:53	1436640953	14993209	39.31887197	-77.75975492	-1	3824.19129581
 2015-07-11 17:29:51	1436635791	422689398	38.8228836	-81.723732	1	3501.64448052
 2015-07-11 19:32:04	1436643124	25436562	39.213233	-77.928133	1	3812.64509132
 2015-07-11 19:47:41	1436644061	537606814	38.7940331	-81.6869659	1	3505.42747446
 2015-07-11 19:55:49	1436644549	253644282	39.42161178	-77.82110594	-1	3816.54903349
 2015-07-11 16:38:08	1436632688	48879074	39.32359898	-77.73096614	1	3826.49146712
 2015-07-11 13:55:22	1436622922	39073653	38.3524017	-81.6320724	1	3520.62368489
 2015-07-11 16:35:01	1436632501	313525129	38.453835	-81.568204	1	3523.57784388
 2015-07-11 13:09:21	1436620161	525887501	38.3466841	-81.6269147	1	3521.2027089
 2015-07-11 16:13:12	1436631192	2381106692	38.42062838	-81.84521357	1	3500.83562301
 2015-07-11 15:44:32	1436629472	499277447	38.50023619	-81.34749894	1	3541.20014866
 2015-07-11 13:40:13	1436622013	15817520	39.03818633	-80.47180653	-1	3602.56901773
 2015-07-11 13:38:10	1436621890	15817520	39.03818633	-80.47180653	-1	3602.56901773
 2015-07-11 16:00:48	1436630448	15817520	39.03818633	-80.47180653	-1	3602.56901773
 2015-07-11 19:05:31	1436641531	15817520	39.03818633	-80.47180653	1	3602.56901773
 2015-07-11 16:10:53	1436631053	15817520	39.03818633	-80.47180653	1	3602.56901773
 2015-07-12 04:18:04	1436674684	323296045	37.29391564	-81.1851494	1	3586.54005612
 2015-07-12 00:11:47	1436659907	109964946	37.53741911	-81.15417467	-1	3582.47709425
 2015-07-12 01:40:47	1436665247	18881499	37.50388889	-81.13194444	1	3585.2924318
 2015-07-11 19:49:28	1436644168	323296045	37.34405149	-81.15826168	-1	3587.44585358
 2015-07-11 22:08:45	1436652525	549286502	37.26975143	-81.22252267	1	3584.01461239
 2015-07-11 18:27:31	1436639251	323296045	37.29408763	-81.1857334	1	3586.48524917
 2015-07-12 00:41:26	1436661686	515959254	37.44067168	-81.0683331	1	3592.46738943
 2015-07-11 19:55:45	1436644545	323296045	37.34379874	-81.15838858	1	3587.44201326
 2015-07-11 13:21:00	1436620860	222704511	37.33662006	-81.15463119	1	3587.96316617
 2015-07-11 16:26:07	1436631967	323187231	39.6274567	-79.9511414	-1	3633.08227473
 2015-07-11 08:45:29	1436604329	464700091	39.65503374	-79.92527393	1	3634.64903201
 2015-07-11 15:03:44	1436627024	334456718	39.6299973	-79.9438858	1	3633.63563968
 2015-07-11 13:33:02	1436621582	114580720	39.63050972	-79.95389684	1	3632.78392029
 2015-07-11 14:04:50	1436623490	770109990	39.61261329	-79.94446353	1	3633.96924118
 2015-07-11 14:57:38	1436626658	14365162	39.63015872	-79.95441857	1	3632.74782169
 2015-07-11 18:16:31	1436638591	25443959	39.63459778	-79.95466614	1	3632.62964286
 2015-07-11 06:47:57	1436597277	499028733	39.64813177	-79.96694011	1	3631.30275349
 2015-07-11 16:26:08	1436631968	14365162	39.63015872	-79.95441857	1	3632.74782169
 2015-07-11 14:19:57	1436624397	40125832	39.5228844	-79.8989029	1	3639.7840397
 2015-07-11 18:20:45	1436638845	52385399	39.63684135	-79.81331029	1	3644.44609615
 2015-07-11 18:07:52	1436638072	25443959	39.63459589	-79.95466585	1	3632.62970866
 2015-07-11 13:36:52	1436621812	37110082	39.63434237	-79.95535624	1	3632.57730975
 2015-07-11 12:25:29	1436617529	452645708	39.53753252	-79.8670507	-1	3642.13381608
 2015-07-11 17:44:14	1436636654	474387737	39.6282349	-79.9574203	1	3632.53803323
 2015-07-11 18:08:26	1436638106	17133470	39.6308708	-79.9547195	1	3632.70693002
 2015-07-11 17:22:55	1436635375	1453129993	39.6623425	-79.98691417	1	3629.31555746
 2015-07-11 16:42:18	1436632938	15142941	38.29780273	-80.83436836	1	3589.80433267
 2015-07-11 17:15:55	1436634955	2265973421	40.10228813	-80.64782801	1	3564.72492872
 2015-07-11 13:47:25	1436622445	353314593	40.04278641	-80.65779116	1	3565.08666479
 2015-07-11 19:53:49	1436644429	26788995	38.22478697	-80.90949166	-1	3585.26399561
 2015-07-11 18:25:16	1436639116	385273820	38.26022808	-80.52434865	-1	3617.10508409
 2015-07-11 17:52:32	1436637152	12949592	40.07713901	-80.69480662	1	3561.29752741
 2015-07-11 21:55:56	1436651756	353314593	40.0639496	-80.5921402	-1	3570.15482314
 2015-07-11 20:36:45	1436647005	2151684977	40.043719	-80.615932	-1	3568.57189721
 2015-07-11 13:32:53	1436621573	353314593	40.04278641	-80.65779116	-1	3565.08666479
 2015-07-11 21:04:39	1436648679	1127064259	40.06725507	-80.72231099	1	3559.19369096
 2015-07-11 23:07:18	1436656038	1037504588	38.23597496	-80.87534563	1	3587.88404884
 2015-07-11 13:44:00	1436622240	813908461	40.07539967	-80.69171458	1	3561.5911736
 2015-07-12 00:37:36	1436661456	340341005	38.254775	-80.566125	1	3613.6938225
 2015-07-11 21:23:32	1436649812	192941063	37.6114388	-81.1014633	1	3584.97364962
 2015-07-11 20:56:37	1436648197	25052248	37.78655518	-81.20344877	1	3571.57880599
 2015-07-11 11:14:39	1436613279	42921585	39.63431	-80.85903578	1	3556.66439322
 2015-07-12 07:13:17	1436685197	33085171	39.40344627	-77.99923782	1	3802.04706098
 2015-07-12 07:08:40	1436684920	333003621	39.32362833	-77.99459167	1	3804.36535398
 2015-07-12 15:39:23	1436715563	604111397	39.44365873	-77.92856561	-1	3807.0081644
 2015-07-12 16:59:08	1436720348	258994193	39.459457	-77.97266556	1	3802.93218538
 2015-07-12 10:12:20	1436695940	421095102	39.47654	-77.95857	-1	3803.70560987
 2015-07-12 16:59:03	1436720343	258994193	39.58457704	-77.84638347	-1	3810.53589481
 2015-07-13 01:24:23	1436750663	130169384	39.54720482	-77.91058945	1	3806.04426318
 2015-07-12 14:28:17	1436711297	33085171	39.40344627	-77.99923782	1	3802.04706098
 2015-07-12 06:18:51	1436681931	128924288	39.348308	-78.117118	1	3793.48310494
 2015-07-12 16:59:07	1436720347	258994193	39.459457	-77.97266556	1	3802.93218538
 2015-07-12 16:59:04	1436720344	258994193	39.58457704	-77.84638347	1	3810.53589481
 2015-07-13 01:24:31	1436750671	128924288	39.464505	-77.977667	1	3802.39217709
 2015-07-12 23:51:39	1436745099	19555200	39.57324039	-77.88504761	1	3807.56656575
 2015-07-12 12:46:55	1436705215	75573407	38.0522614	-81.1032333	1	3573.18465434
 2015-07-12 19:42:58	1436730178	506349298	40.5321	-80.5818	-1	3561.90351295
 2015-07-12 20:40:55	1436733655	506349298	40.5298	-80.5938	-1	3560.94706076
 2015-07-12 21:48:50	1436737730	506349298	40.5298	-80.5938	-1	3560.94706076
 2015-07-12 17:01:25	1436720485	29791822	40.3987312	-80.5905609	-1	3563.70288071
 2015-07-12 21:21:20	1436736080	506349298	40.5298	-80.5938	-1	3560.94706076
 2015-07-12 23:46:33	1436744793	2773921116	40.61678642	-80.55677111	1	3562.40780196
 2015-07-12 13:46:43	1436708803	279818608	39.29649745	-80.20827691	-1	3618.85238625
 2015-07-12 14:48:35	1436712515	28801117	39.29692436	-80.36353602	1	3605.76311922
 2015-07-12 23:22:19	1436743339	25280545	39.26566333	-80.23597	1	3617.22119983
 2015-07-12 14:39:03	1436711943	28801117	39.29692436	-80.36353602	-1	3605.76311922
 2015-07-12 23:49:44	1436744984	191950516	39.28649888	-80.56988112	1	3588.60984342
 2015-07-12 14:06:02	1436709962	558948962	39.26554944	-80.32462617	1	3609.75311907
 2015-07-12 14:52:07	1436712727	424367350	39.40559784	-80.28129852	1	3610.24466237
 2015-07-12 15:16:39	1436714199	40624417	38.35701222	-81.71902777	1	3513.11481312
 2015-07-12 14:04:20	1436709860	26543123	38.37566757	-81.55883026	-1	3526.28150195
 2015-07-12 13:53:14	1436709194	1381605174	38.35391785	-81.63537353	1	3520.30572631
 2015-07-12 15:19:24	1436714364	40624417	38.35701222	-81.71902777	1	3513.11481312
 2015-07-12 18:26:02	1436725562	2381106692	38.42062838	-81.84521357	1	3500.83562301
 2015-07-12 18:24:37	1436725477	2334180818	38.36036036	-81.68878296	-1	3515.60534112
 2015-07-13 01:15:21	1436750121	114558597	38.46265167	-81.6485114	-1	3516.53971128
 2015-07-12 17:08:27	1436720907	2334180818	38.36036036	-81.68878296	1	3515.60534112
 2015-07-12 22:39:52	1436740792	231950544	38.31226724	-81.56614757	1	3527.21926434
 2015-07-12 17:11:40	1436721100	2334180818	38.36036036	-81.68878296	1	3515.60534112
 2015-07-12 23:26:42	1436743602	338052884	38.32262013	-81.64218159	1	3520.49576947
 2015-07-12 20:58:35	1436734715	1450122763	38.3468546	-81.7314324	1	3512.30829944
 2015-07-12 17:05:52	1436720752	2334180818	38.36036036	-81.68878296	1	3515.60534112
 2015-07-12 21:27:46	1436736466	392287347	38.34040833	-81.65678333	-1	3518.81627713
 2015-07-12 18:20:05	1436725205	262331501	38.31900455	-81.57766655	1	3526.07306258
 2015-07-12 17:09:01	1436720941	2334180818	38.36036036	-81.68878296	1	3515.60534112
 2015-07-13 01:10:12	1436749812	238822599	38.28138889	-81.64166667	-1	3521.55722724
 2015-07-13 01:48:48	1436752128	25233856	38.44688556	-81.46413044	-1	3532.59037332
 2015-07-13 01:04:29	1436749469	133031160	38.3585482	-81.6489778	1	3519.0351621
 2015-07-13 04:06:53	1436760413	2304792291	38.35402635	-81.63787751	1	3520.09010123
 2015-07-13 03:05:24	1436756724	1350600972	38.40675536	-81.80554609	-1	3504.54477893
 2015-07-12 18:08:02	1436724482	525887501	38.35026342	-81.61670652	1	3521.98304283
 2015-07-12 14:05:15	1436709915	323296045	37.29373137	-81.1850598	1	3586.5528717
 2015-07-12 14:12:25	1436710345	30256956	37.37314491	-81.09883063	1	3591.72478047
 2015-07-12 12:40:50	1436704850	29677210	39.65297992	-79.95727458	1	3632.0079974
 2015-07-12 07:33:04	1436686384	198359403	39.63722511	-79.95410907	-1	3632.61879151
 2015-07-12 10:49:25	1436698165	217133751	39.65820179	-79.94354538	1	3633.0461282
 2015-07-12 17:18:59	1436721539	518061670	39.6546104	-80.00692581	1	3627.80461621
 2015-07-12 17:12:07	1436721127	31177401	39.65221331	-79.9509503	1	3632.5556197
 2015-07-12 17:25:13	1436721913	277038776	39.65765856	-79.9710008	1	3630.75355384
 2015-07-12 16:40:46	1436719246	2933086246	39.62601812	-79.99700135	1	3629.26343359
 2015-07-12 06:42:44	1436683364	377704532	39.63972724	-79.95520167	1	3632.47221602
 2015-07-12 16:24:30	1436718270	31459374	39.67359656	-79.96559821	-1	3630.85901636
 2015-07-12 16:43:22	1436719402	264602147	39.64108833	-79.948775	1	3632.98188249
 2015-07-12 15:09:24	1436713764	131709086	39.63130536	-79.94917416	1	3633.16294758
 2015-07-12 23:20:55	1436743255	102890565	39.65577237	-79.94320648	-1	3633.12772233
 2015-07-12 21:43:08	1436737388	217133751	39.65641862	-79.94188842	1	3633.22421205
 2015-07-12 21:51:26	1436737886	703055192	39.6518206	-79.9689423	-1	3631.05397883
 2015-07-12 20:54:08	1436734448	323187231	39.65635	-79.96616333	1	3631.18819583
 2015-07-12 21:53:21	1436738001	703055192	39.6518206	-79.9689423	-1	3631.05397883
 2015-07-12 19:56:04	1436730964	703055192	39.6583625	-79.9994285	1	3628.35202702
 2015-07-13 00:28:46	1436747326	30396036	39.64120316	-79.96040728	-1	3632.00287319
 2015-07-12 18:54:27	1436727267	465103456	39.62703043	-79.99800611	-1	3629.15687638
 2015-07-12 23:55:26	1436745326	470748102	39.64192025	-79.95947493	-1	3632.06543021
 2015-07-12 19:38:50	1436729930	40125832	39.52195271	-79.89830142	1	3639.85536066
 2015-07-12 19:42:41	1436730161	703055192	39.6547581	-80.0054196	1	3627.92782616
 2015-07-12 20:01:56	1436731316	703055192	39.6485314	-79.9767935	1	3630.46688261
 2015-07-12 23:18:54	1436743134	2529348490	39.6532	-79.9413	1	3633.34404042
 2015-07-12 22:28:40	1436740120	223348113	39.62486893	-79.96399295	1	3632.06009403
 2015-07-12 22:59:28	1436741968	253724357	39.62115068	-79.87552961	-1	3639.56894779
 2015-07-12 20:41:05	1436733665	323187231	39.65635	-79.96616333	-1	3631.18819583
 2015-07-12 20:39:32	1436733572	703055192	39.6359416	-79.9519493	-1	3632.82825087
 2015-07-12 21:55:27	1436738127	703055192	39.6518206	-79.9689423	-1	3631.05397883
 2015-07-12 22:02:53	1436738573	703055192	39.6486705	-79.9672021	-1	3631.26897169
 2015-07-12 21:52:43	1436737963	703055192	39.6518206	-79.9689423	-1	3631.05397883
 2015-07-12 18:26:58	1436725618	187217099	39.62670837	-79.99181441	1	3629.68380815
 2015-07-13 01:00:28	1436749228	2933086246	39.628675	-79.971016	1	3631.38691273
 2015-07-12 22:55:03	1436741703	267318576	39.6665	-79.8527	1	3640.48852875
 2015-07-12 23:29:00	1436743740	19177612	40.04979868	-80.73137194	-1	3558.78564516
 2015-07-12 16:26:22	1436718382	251306066	40.073076	-80.689527	-1	3561.8208621
 2015-07-12 19:28:42	1436729322	2738026056	40.09130079	-80.70504816	1	3560.15695392
 2015-07-12 21:10:17	1436735417	64904619	40.04274038	-80.65811864	1	3565.06017903
 2015-07-12 23:26:30	1436743590	19177612	40.05405405	-80.66985613	-1	3563.84959928
 2015-07-12 20:53:30	1436734410	8536722	38.46357018	-80.7826016	1	3590.05959707
 2015-07-13 03:54:36	1436759676	3172631	40.0761185	-80.697113	-1	3561.12496162
 2015-07-12 08:38:54	1436690334	331929479	40.05572809	-80.70541889	1	3560.8390625
 2015-07-13 01:35:39	1436751339	64904619	40.04320938	-80.65780038	1	3565.07735865
 2015-07-12 23:54:50	1436745290	2738026056	40.0730705	-80.6828461	-1	3562.38011287
 2015-07-12 13:32:35	1436707955	103399094	40.0450699	-80.6184758	-1	3568.33166598
 2015-07-12 15:38:08	1436715488	2190664871	40.07421157	-80.56142198	-1	3572.51849605
 2015-07-13 02:32:57	1436754777	114558597	37.76444281	-81.21641315	-1	3571.05821132
 2015-07-12 08:28:13	1436689693	247051423	37.80058369	-81.20419694	1	3571.14386274
 2015-07-12 18:52:46	1436727166	25517536	37.79190812	-81.21622346	-1	3570.34684473
 2015-07-12 21:23:06	1436736186	369798482	37.82912992	-81.14380791	1	3575.54302201
 2015-07-13 02:30:29	1436754629	114558597	37.81262377	-81.21336591	-1	3570.04339323
 2015-07-12 19:03:14	1436727794	25517536	37.7919	-81.2162	-1	3570.34906178
 2015-07-12 22:12:55	1436739175	2852053726	37.79413382	-81.19093054	-1	3572.44662935
 2015-07-12 18:09:02	1436724542	838101572	37.80164624	-81.21741772	-1	3569.98748747
 2015-07-12 20:43:26	1436733806	237850711	38.72659471	-80.39275942	1	3616.66087659
 2015-07-13 04:40:18	1436762418	3041218401	39.60441572	-80.9376079	-1	3550.69405709
 2015-07-13 05:04:02	1436763842	3041218401	39.6043657	-80.93763349	1	3550.6929693
 2015-07-13 01:05:47	1436749547	3041218401	39.60439282	-80.93761544	-1	3550.6939102
 2015-07-13 11:47:50	1436788070	421095102	39.47654	-77.95857	1	3803.70560987
 2015-07-13 19:05:31	1436814331	447939127	39.37355618	-78.12551066	1	3792.17081066
 2015-07-13 14:50:11	1436799011	33085171	39.40344627	-77.99923782	1	3802.04706098
 2015-07-13 10:07:14	1436782034	1328090964	39.57670308	-78.02212098	-1	3796.00451858
 2015-07-13 20:50:03	1436820603	15711900	39.46334342	-77.98629538	1	3801.69653966
 2015-07-13 15:44:27	1436802267	1305803352	39.44841338	-77.96789764	-1	3803.59626728
 2015-07-13 12:34:03	1436790843	43416848	38.40807591	-82.43599833	-1	3450.88020848
 2015-07-13 13:46:00	1436795160	205339006	38.42217412	-82.44366047	1	3449.89226627
 2015-07-13 12:26:52	1436790412	71864340	38.42314345	-82.42816565	1	3451.1877371
 2015-07-13 18:21:38	1436811698	348933860	38.42056349	-82.26625098	1	3465.02605112
 2015-07-13 18:28:23	1436812103	101566834	38.43845748	-82.15401946	-1	3474.14495156
 2015-07-13 19:39:48	1436816388	953000274	38.36090549	-82.4299447	-1	3452.52396918
 2015-07-13 17:04:16	1436807056	178193692	38.42387406	-82.42675091	1	3451.29072992
 2015-07-13 11:36:41	1436787401	26069773	38.41094389	-82.43013343	1	3451.31094447
 2015-07-13 20:52:23	1436820743	312994576	38.42166199	-82.26482713	1	3465.12091363
 2015-07-13 06:34:21	1436769261	87542070	38.41003987	-82.44024922	1	3450.4716073
 2015-07-13 09:00:42	1436778042	421095102	38.421962	-82.438348	1	3450.34938943
 2015-07-13 21:36:39	1436823399	245653380	38.4231	-82.269	-1	3464.73150831
 2015-07-13 21:58:28	1436824708	245653380	38.4231	-82.269	-1	3464.73150831
 2015-07-13 12:53:09	1436791989	2419088127	38.41290516	-82.47923482	-1	3447.08544836
 2015-07-13 14:43:42	1436798622	47871243	39.30474706	-80.34397047	1	3607.23462373
 2015-07-13 11:44:42	1436787882	365849270	39.31158895	-80.2741444	-1	3612.96186101
 2015-07-13 21:23:51	1436822631	133031160	38.3759308	-81.6707535	1	3516.75783391
 2015-07-13 15:28:25	1436801305	2221648734	38.2711904	-81.57332866	-1	3527.62526925
 2015-07-13 18:03:50	1436810630	30145410	38.34089551	-81.6776865	1	3517.02624919
 2015-07-13 13:53:26	1436795606	901810878	38.3567087	-81.65587433	1	3518.49369839
 2015-07-13 22:07:10	1436825230	381789505	38.24455428	-81.56326171	-1	3529.14417996
 2015-07-13 17:17:45	1436807865	14517310	38.43176638	-81.74129568	1	3509.40118196
 2015-07-13 15:51:35	1436802695	50865112	38.53554167	-81.36570833	-1	3538.7987875
 2015-07-13 17:58:30	1436810310	1358065903	38.37390524	-81.80231492	1	3505.61823291
 2015-07-13 16:04:49	1436803489	901810878	38.31775256	-81.57598886	1	3526.24666884
 2015-07-13 15:40:27	1436802027	2221648734	38.1748212	-81.45475045	1	3540.12763409
 2015-07-13 15:40:19	1436802019	2221648734	38.16336486	-81.44953774	-1	3540.86014513
 2015-07-13 12:48:06	1436791686	2334180818	38.36036036	-81.68878296	1	3515.60534112
 2015-07-13 15:31:25	1436801485	2221648734	38.22222299	-81.53761586	-1	3531.88412039
 2015-07-13 18:01:42	1436810502	181511728	38.37093413	-81.59666061	1	3523.18076791
 2015-07-13 21:50:23	1436824223	582010997	38.35196894	-81.73222817	1	3512.11540023
 2015-07-13 21:04:21	1436821461	18189484	38.3547469	-81.62564398	-1	3521.11287772
 2015-07-13 19:19:14	1436815154	579898443	38.3451594	-81.72493581	-1	3512.90245865
 2015-07-13 15:47:59	1436802479	50865112	38.53554167	-81.36570833	-1	3538.7987875
 2015-07-13 15:33:34	1436801614	2221648734	38.19452084	-81.50304909	1	3535.52037122
 2015-07-13 12:52:20	1436791940	2334180818	38.36036036	-81.68878296	1	3515.60534112
 2015-07-13 16:02:59	1436803379	901810878	38.31775256	-81.57598886	1	3526.24666884
 2015-07-13 06:07:29	1436767649	220160834	39.64709	-79.94343	1	3633.29904794
 2015-07-13 12:28:25	1436790505	465103456	39.67562816	-79.85001006	1	3640.51427728
 2015-07-13 11:57:12	1436788632	346766974	39.64647794	-79.94068204	-1	3633.54312351
 2015-07-13 12:28:46	1436790526	465103456	39.67562816	-79.85001006	1	3640.51427728
 2015-07-13 13:25:44	1436793944	932607554	37.80233	-81.2169724	1	3570.00742735
 2015-07-13 15:17:04	1436800624	3255855240	37.7781702	-81.1881557	1	3573.10621733
 2015-07-13 14:15:09	1436796909	162790200	37.80647174	-81.20315205	1	3571.07745068
 2015-07-13 15:02:14	1436799734	294374514	37.80700521	-81.39117541	1	3555.01575663
 2015-07-13 15:50:02	1436802602	309734002	39.65435861	-80.85738656	-1	3556.37770313
 2015-07-13 06:53:03	1436770383	3041218401	39.60443626	-80.93749772	-1	3550.70288511
 2015-07-13 21:48:19	1436824099	474406783	39.60473556	-80.93484934	1	3550.91921775
 2015-07-14 22:10:09	1436911809	2376603173	39.59715181	-77.8404127	1	3810.73834215
 2015-07-14 14:57:05	1436885825	33085171	39.40344627	-77.99923782	1	3802.04706098
 2015-07-14 11:35:47	1436873747	1305803352	39.45769794	-77.97760966	-1	3802.55973281
 2015-07-14 18:57:35	1436900255	33085171	39.40344627	-77.99923782	-1	3802.04706098
 2015-07-14 20:55:49	1436907349	408040988	39.38231208	-77.95890844	1	3805.93954134
 2015-07-14 22:22:20	1436912540	3167666200	39.514955	-77.984538	1	3800.6141197
 2015-07-14 22:32:27	1436913147	740783090	38.40608381	-82.40692313	1	3453.40216834
 2015-07-14 06:31:24	1436855484	51267021	38.41349076	-82.27029892	-1	3464.85090095
 2015-07-14 21:35:36	1436909736	114869678	38.42314345	-82.42816565	-1	3451.1877371
 2015-07-14 14:35:29	1436884529	205339006	38.42440802	-82.41819244	1	3452.00628645
 2015-07-14 22:10:53	1436911853	82193795	38.41979777	-82.42582731	1	3451.46639184
 2015-07-14 22:02:31	1436911351	740783090	38.40608381	-82.40692313	-1	3453.40216834
 2015-07-14 13:45:06	1436881506	545556451	38.40994303	-82.41025503	1	3453.02650875
 2015-07-14 21:05:41	1436907941	588357513	38.42559461	-82.4094826	1	3452.71916885
 2015-07-14 21:09:22	1436908162	588357513	38.42586438	-82.40939002	1	3452.72062286
 2015-07-14 09:25:00	1436865900	2712751127	38.4091923	-82.43405767	-1	3451.01874465
 2015-07-14 20:43:18	1436906598	2973906227	39.3712974	-78.5419371	-1	3757.26540053
 2015-07-14 12:24:48	1436876688	983854254	39.20886224	-78.49080141	1	3765.45801803
 2015-07-15 00:30:47	1436920247	1906970676	40.4164309	-80.5450518	1	3567.15943641
 2015-07-14 23:51:37	1436917897	83933389	40.5816	-80.5534	1	3563.3425567
 2015-07-14 07:00:00	1436857200	582010997	38.35194471	-81.73229347	1	3512.11043867
 2015-07-14 12:36:54	1436877414	525887501	38.35026342	-81.61670652	-1	3521.98304283
 2015-07-14 20:49:16	1436906956	263418478	38.54570508	-81.64418814	1	3514.90769036
 2015-07-14 20:46:28	1436906788	5864922	38.41153141	-81.80800991	1	3504.21943452
 2015-07-14 13:30:13	1436880613	14517310	38.39929065	-81.84017632	1	3501.78094456
 2015-07-14 14:53:09	1436885589	901810878	38.33981278	-81.61499369	-1	3522.38549092
 2015-07-14 17:47:55	1436896075	582010997	38.35118103	-81.73600769	1	3511.81318713
 2015-07-14 18:11:20	1436897480	160317011	38.34981819	-81.63251638	-1	3520.64932481
 2015-07-14 15:00:28	1436886028	901810878	38.34084669	-81.61781235	-1	3522.12032875
 2015-07-14 20:43:06	1436906586	901810878	38.31012285	-81.54991534	-1	3528.6530989
 2015-07-14 19:33:05	1436902385	277587379	38.35025	-81.63320333	1	3520.58030008
 2015-07-14 17:26:42	1436894802	1534997719	38.3466466	-81.6246296	-1	3521.39798564
 2015-07-14 16:48:07	1436892487	80779472	38.36778148	-81.74344132	-1	3510.77507402
 2015-07-14 14:46:51	1436885211	128924288	38.372242	-81.771466	1	3508.28262544
 2015-07-14 17:14:39	1436894079	1534997719	38.3466547	-81.6246387	1	3521.39701272
 2015-07-14 18:24:31	1436898271	312994576	38.3603562	-81.73259907	1	3511.87869012
 2015-07-14 13:44:12	1436881452	2220765257	38.41430898	-81.47902785	-1	3532.11946913
 2015-07-14 14:55:34	1436885734	901810878	38.34084669	-81.61781235	-1	3522.12032875
 2015-07-14 19:07:54	1436900874	333191723	38.37820916	-81.75972406	1	3509.13579619
 2015-07-14 21:02:31	1436907751	377704532	38.36812614	-81.83226275	1	3503.21166981
 2015-07-14 23:46:21	1436917581	40075125	39.478556	-80.166706	-1	3618.25881039
 2015-07-14 13:02:40	1436878960	1452179630	39.52444046	-80.33275073	1	3603.28255237
 2015-07-14 20:09:57	1436904597	179796279	39.49072442	-80.18156191	-1	3616.73936111
 2015-07-14 16:12:01	1436890321	353314593	39.62703043	-79.99800611	-1	3629.15687638
 2015-07-14 16:30:49	1436891449	353314593	39.62703043	-79.99800611	-1	3629.15687638
 2015-07-14 12:33:25	1436877205	2191278589	39.68113587	-79.8570241	-1	3639.80522432
 2015-07-14 15:36:20	1436888180	279732230	39.6665	-79.8527	1	3640.48852875
 2015-07-14 15:49:01	1436888941	525969903	39.63091977	-79.95527744	1	3632.65901373
 2015-07-14 15:39:30	1436888370	323187231	39.65635	-79.96616333	-1	3631.18819583
 2015-07-14 16:39:03	1436891943	323160328	39.6975983	-80.046877	1	3623.51625628
 2015-07-14 12:19:00	1436876340	703055192	39.6497675	-79.9672662	1	3631.23958683
 2015-07-14 16:57:33	1436893053	302632399	39.63286486	-79.95019989	1	3633.04261126
 2015-07-14 13:50:39	1436881839	347663729	39.63737239	-79.95598806	1	3632.45782147
 2015-07-14 15:26:32	1436887592	464838792	39.65322035	-79.90268862	-1	3636.58439222
 2015-07-14 18:04:41	1436897081	128924288	39.559929	-79.941277	1	3635.40030834
 2015-07-14 18:08:39	1436897319	323187231	39.65635	-79.96616333	-1	3631.18819583
 2015-07-14 14:46:19	1436885179	1127064259	40.06725507	-80.72231099	-1	3559.19369096
 2015-07-14 17:11:05	1436893865	109374201	40.07825787	-80.69173089	1	3561.53250666
 2015-07-14 16:55:14	1436892914	103399094	40.06782737	-80.56975056	-1	3571.95031109
 2015-07-14 14:19:07	1436883547	12949592	40.05881072	-80.72424626	1	3559.201129
 2015-07-14 06:31:27	1436855487	532661408	40.15307317	-80.61765935	1	3566.23546581
 2015-07-14 12:28:25	1436876905	745743350	37.7986	-81.1863553	1	3572.7189481
 2015-07-14 12:25:58	1436876758	745743350	37.7985797	-81.186356	1	3572.71942526
 2015-07-15 13:15:47	1436966147	59390641	38.419849	-82.432358	1	3450.90943005
 2015-07-15 16:20:19	1436977219	372903576	38.43228565	-82.4016299	1	3453.22806597
 2015-07-15 16:59:37	1436979577	205339006	38.42343225	-82.44055701	1	3450.12641674
 2015-07-15 17:14:58	1436980498	3305566690	38.41759907	-82.44494563	1	3449.89181967
 2015-07-15 18:37:15	1436985435	291251925	38.41910666	-82.26484697	1	3465.18035461
 2015-07-15 16:46:03	1436978763	434341108	38.407396	-82.289614	1	3463.35337681
 2015-07-15 14:41:08	1436971268	24486985	39.265941	-80.285108	-1	3613.07434868
 2015-07-15 17:01:37	1436979697	99026740	39.2899157	-80.26709375	1	3614.04714205
 2015-07-15 12:46:28	1436964388	14517310	38.39862698	-81.84188378	1	3501.65183689
 2015-07-15 15:10:41	1436973041	514638822	38.36842375	-81.69646906	1	3514.7543936
 2015-07-15 19:52:12	1436989932	579898443	38.34529371	-81.72507405	1	3512.88740874
 2015-07-15 21:12:21	1436994741	3093803026	38.3626336	-81.8640681	1	3500.63988258
 2015-07-15 21:17:02	1436995022	30145410	38.35006442	-81.63501947	-1	3520.4303879
 2015-07-15 19:32:29	1436988749	333191723	38.42195988	-81.84574938	-1	3500.75785151
 2015-07-15 15:57:16	1436975836	483038769	38.36911265	-81.6664553	-1	3517.2900854
 2015-07-15 18:15:05	1436984105	525887501	38.3516322	-81.6186614	1	3521.7831763
 2015-07-16 01:00:02	1437008402	133031160	38.360267	-81.6445851	1	3519.36662948
 2015-07-15 13:47:29	1436968049	52118707	38.1647891	-81.4484483	1	3540.91699906
 2015-07-15 21:00:01	1436994001	1534997719	38.3466732	-81.6246616	-1	3521.39461066
 2015-07-15 18:38:02	1436985482	195922152	38.36696907	-81.63117728	1	3520.34268593
 2015-07-15 20:34:23	1436992463	369845513	38.4482363	-81.67979212	1	3514.23019929
 2015-07-15 23:59:34	1437004774	3368444164	38.379753	-81.81462	1	3504.42923326
 2015-07-16 01:36:01	1437010561	348933860	38.34902778	-81.62511111	1	3521.2985615
 2015-07-15 23:58:14	1437004694	348933860	38.34902778	-81.62511111	1	3521.2985615
 2015-07-16 01:49:57	1437011397	14517310	38.39091676	-81.70684313	-1	3513.32311159
 2015-07-15 12:33:47	1436963627	323296045	37.29417936	-81.18637194	-1	3586.42801233
 2015-07-15 11:54:46	1436961286	30256956	37.37332399	-81.09878185	1	3591.7239888
 2015-07-15 15:13:04	1436973184	1729842769	39.631028	-79.954027	1	3632.76161886
 2015-07-15 16:58:40	1436979520	23957067	39.6339989	-79.9551315	-1	3632.60371104
 2015-07-15 20:06:26	1436990786	2442099367	39.65126364	-79.94794505	1	3632.82866099
 2015-07-15 17:04:49	1436979889	23957067	39.6339989	-79.9551315	-1	3632.60371104
 2015-07-15 10:41:18	1436956878	1908510913	39.62307546	-79.90971275	-1	3636.6567582
 2015-07-15 18:24:37	1436984677	35096018	39.65297992	-79.95727458	1	3632.0079974
 2015-07-15 17:41:35	1436982095	19030920	39.65580689	-79.96433113	-1	3631.3538587
 2015-07-15 17:36:02	1436981762	2291611988	39.6479797	-79.8915405	1	3637.63501888
 2015-07-15 18:40:40	1436985640	20915578	39.6084709	-79.9632721	1	3632.48103523
 2015-07-15 17:45:15	1436982315	88329849	39.67693	-79.843668	1	3641.01791771
 2015-07-15 11:33:34	1436960014	19556251	39.6524654	-79.96656251	1	3631.23963478
 2015-07-15 19:33:57	1436988837	370990960	39.65762554	-79.95434378	1	3632.15238531
 2015-07-15 07:57:49	1436947069	285191089	39.65881338	-79.96190258	1	3631.49197458
 2015-07-15 07:21:35	1436944895	346766974	39.64639383	-79.94111326	1	3633.50876924
 2015-07-15 17:06:41	1436980001	23957067	39.6302795	-79.9556961	-1	3632.63791574
 2015-07-15 19:06:45	1436987205	371469971	39.63825005	-79.95456152	1	3632.5583369
 2015-07-15 14:48:19	1436971699	1127064259	40.06725507	-80.72231099	1	3559.19369096
 2015-07-15 16:40:04	1436978404	1127064259	40.06725507	-80.72231099	1	3559.19369096
 2015-07-15 14:31:50	1436970710	398650693	38.28125073	-80.85199788	1	3588.72340419
 2015-07-15 13:41:36	1436967696	2214536856	40.04522977	-80.61757833	-1	3568.40356084
 2015-07-15 17:29:29	1436981369	1029895921	37.54337533	-81.79975069	1	3527.1041147
 2015-07-16 04:00:05	1437019205	1029895921	37.55533688	-81.8296976	-1	3524.22119512
