 2015-08-09 00:32:36	1439080356	150860879	48.3729134	-120.7062126	-1	1133.97265816
 2015-08-09 02:58:09	1439089089	616229375	46.60987118	-121.66969957	-1	932.013851733
 2015-08-09 02:58:14	1439089094	137418810	46.62615085	-121.43207848	-1	935.117483237
 2015-08-09 02:58:09	1439089089	616229375	46.60987118	-121.66969957	-1	932.013851733
 2015-08-09 02:58:14	1439089094	137418810	46.62615085	-121.43207848	-1	935.117483237
 2015-08-09 02:58:09	1439089089	616229375	46.60987118	-121.66969957	-1	932.013851733
 2015-08-09 02:58:14	1439089094	137418810	46.62615085	-121.43207848	-1	935.117483237
 2015-08-10 02:59:12	1439175552	24133430	48.8229704	-117.5113593	1	1237.98853998
 2015-08-09 16:44:39	1439138679	34326237	48.124257	-117.586289	1	1163.23677634
 2015-08-10 23:36:58	1439249818	311570152	48.403093	-119.524357	1	1152.005618
 2015-08-11 00:07:40	1439251660	311570152	48.403093	-119.524357	1	1152.005618
 2015-08-10 19:52:33	1439236353	9962772	47.24272293	-123.1335726	1	1003.12233856
 2015-08-11 16:59:49	1439312389	44719573	48.50405	-120.73644167	-1	1148.17158359
 2015-08-12 03:15:23	1439349323	14787727	46.9391518	-123.074707	-1	969.136905589
 2015-08-12 22:32:14	1439418734	343674095	46.2624893	-119.2675629	-1	926.252465332
 2015-08-13 04:10:04	1439439004	925831928	47.80376013	-119.98612399	1	1079.8333842
 2015-08-12 23:12:03	1439421123	42983443	48.86146805	-121.67890549	1	1181.9860654
 2015-08-12 14:53:30	1439391210	17523657	46.20241179	-121.49089469	1	887.788899509
 2015-08-13 00:11:12	1439424672	397699949	46.6753159	-120.458992	-1	949.977669207
 2015-08-13 06:09:12	1439446152	78648000	47.4188004	-120.318367	-1	1033.25686731
 2015-08-14 00:54:56	1439513696	198771200	47.5962326	-120.6614765	-1	1048.79182385
 2015-08-13 13:09:48	1439471388	230363106	46.14681	-122.95054	1	880.597046328
 2015-08-13 20:36:46	1439498206	44538849	48.75638889	-118.46138889	-1	1209.35256819
 2015-08-13 20:36:49	1439498209	90082730	48.75638889	-118.46138889	-1	1209.35256819
 2015-08-13 22:47:16	1439506036	306990185	45.69254569	-121.28524485	1	832.848520762
 2015-08-13 21:41:16	1439502076	306990185	45.69254569	-121.28524485	1	832.848520762
 2015-08-13 22:47:16	1439506036	306990185	45.69254569	-121.28524485	1	832.848520762
 2015-08-13 21:41:16	1439502076	306990185	45.69254569	-121.28524485	-1	832.848520762
 2015-08-13 22:47:16	1439506036	306990185	45.69254569	-121.28524485	-1	832.848520762
 2015-08-13 21:41:16	1439502076	306990185	45.69254569	-121.28524485	1	832.848520762
 2015-08-14 02:10:49	1439518249	301176379	47.69190796	-117.13215079	-1	1131.57187154
 2015-08-14 02:04:44	1439517884	270711836	47.716568	-117.426131	-1	1125.49221649
 2015-08-14 02:51:34	1439520694	35895649	48.73136068	-122.5026137	-1	1166.52550906
 2015-08-13 23:49:10	1439509750	90082730	46.13388889	-121.37361111	-1	880.98654736
 2015-08-14 05:02:22	1439528542	44538849	46.13388889	-121.37361111	-1	880.98654736
 2015-08-15 00:19:24	1439597964	33345884	47.87334961	-120.19673111	1	1084.6138514
 2015-08-15 03:23:18	1439608998	4088231	47.85665545	-120.03421213	1	1084.94173349
 2015-08-14 18:26:30	1439576790	24133430	48.8229704	-117.5113593	1	1237.98853998
 2015-08-14 14:57:14	1439564234	24133430	48.8229704	-117.5113593	1	1237.98853998
 2015-08-14 18:24:38	1439576678	24133430	48.8229704	-117.5113593	1	1237.98853998
 2015-08-14 14:56:14	1439564174	24133430	48.8229704	-117.5113593	-1	1237.98853998
 2015-08-15 04:55:25	1439614525	2367271	48.05316775	-117.4048326	1	1160.77450194
 2015-08-14 14:58:19	1439564299	24133430	48.8229704	-117.5113593	1	1237.98853998
 2015-08-15 00:30:25	1439598625	1284464371	47.6589	-117.425	-1	1119.59775394
 2015-08-15 00:18:13	1439597893	546644367	47.63814331	-117.34412487	-1	1119.80640597
 2015-08-14 20:41:09	1439584869	91670242	46.02390308	-118.36726944	1	924.197187032
 2015-08-14 22:28:47	1439591327	50369662	46.0685	-118.336	-1	929.6989335
 2015-08-15 00:38:24	1439599104	14801361	48.73300171	-122.46499634	1	1166.6724541
 2015-08-15 00:38:24	1439599104	14801361	48.73300171	-122.46499634	1	1166.6724541
 2015-08-15 01:02:52	1439600572	1135843316	46.5376567	-117.08796898	-1	1016.82834134
 2015-08-14 15:54:37	1439567677	44538849	46.13388889	-121.37361111	1	880.98654736
 2015-08-15 19:05:38	1439665538	14821278	47.63542885	-120.2389707	1	1058.00875966
 2015-08-15 07:49:03	1439624943	198771200	47.5962326	-120.6614765	1	1048.79182385
 2015-08-16 00:15:36	1439684136	90082730	46.09777778	-117.7075	-1	952.041890672
 2015-08-16 02:40:55	1439692855	44538849	46.11055556	-117.68	-1	954.228146762
 2015-08-16 01:00:20	1439686820	34928684	48.26	-120.08	-1	1128.45908568
 2015-08-15 20:21:16	1439670076	44538849	48.93777778	-119.30916667	1	1213.46661832
 2015-08-15 20:51:44	1439671904	188305974	48.535767	-117.907872	1	1198.20629468
 2015-08-15 17:08:09	1439658489	312168562	48.3561	-117.836	-1	1181.06750106
 2015-08-15 16:35:59	1439656559	53433635	46.6753159	-120.458992	1	949.977669207
 2015-08-16 02:48:37	1439693317	53433635	46.6753159	-120.458992	1	949.977669207
 2015-08-16 23:51:53	1439769113	18827892	47.84277778	-120.02138889	1	1083.60212975
 2015-08-16 23:37:14	1439768234	7592452	47.3477	-121.3691	1	1015.47159625
 2015-08-17 04:42:10	1439786530	306990185	45.69254569	-121.28524485	-1	832.848520762
 2015-08-16 21:34:15	1439760855	44538849	48.33805556	-119.00166667	-1	1153.93689996
 2015-08-17 01:49:34	1439776174	44538849	48.05138889	-120.11333333	-1	1105.18643854
 2015-08-16 14:47:19	1439736439	34928684	48.26	-120.08	-1	1128.45908568
 2015-08-17 01:49:25	1439776165	90082730	48.05138889	-120.11333333	-1	1105.18643854
 2015-08-16 16:14:55	1439741695	90082730	48.93777778	-119.30916667	1	1213.46661832
 2015-08-16 08:12:42	1439712762	18370314	46.0708809	-118.3295822	1	930.129949482
 2015-08-16 23:49:40	1439768980	23969109	48.7544098	-122.4788208	1	1169.06488197
 2015-08-17 02:51:23	1439779883	373235039	48.73166667	-121.06722222	1	1170.73586198
 2015-08-16 23:49:40	1439768980	23969109	48.7544098	-122.4788208	1	1169.06488197
 2015-08-17 02:51:23	1439779883	373235039	48.73166667	-121.06722222	-1	1170.73586198
 2015-08-16 15:23:58	1439738638	24438170	46.69776807	-120.44341736	1	952.640998053
 2015-08-17 23:22:14	1439853734	344775110	46.25144999	-119.34572296	1	923.364637333
 2015-08-17 06:05:01	1439791501	305422003	47.85215229	-120.1295774	-1	1083.16450969
 2015-08-17 06:05:01	1439791501	305422003	47.85215229	-120.1295774	1	1083.16450969
 2015-08-18 04:29:34	1439872174	18827892	47.80059134	-119.98328399	1	1079.52751865
 2015-08-18 03:23:16	1439868196	306990185	45.69254569	-121.28524485	1	832.848520762
 2015-08-17 14:34:29	1439822069	2285311118	46.65872	-121.47017	1	938.492780065
 2015-08-18 02:59:11	1439866751	306990185	45.69254569	-121.28524485	1	832.848520762
 2015-08-17 15:39:56	1439825996	196253880	46.65872	-121.47017	1	938.492780065
 2015-08-18 03:23:16	1439868196	306990185	45.69254569	-121.28524485	1	832.848520762
 2015-08-17 21:45:09	1439847909	44538849	48.51861111	-119.66222222	-1	1162.47701031
 2015-08-17 14:34:29	1439822069	2285311118	46.65872	-121.47017	1	938.492780065
 2015-08-18 02:59:11	1439866751	306990185	45.69254569	-121.28524485	1	832.848520762
 2015-08-17 15:39:56	1439825996	196253880	46.65872	-121.47017	1	938.492780065
 2015-08-17 21:45:12	1439847912	90082730	48.51861111	-119.66222222	-1	1162.47701031
 2015-08-18 03:23:16	1439868196	306990185	45.69254569	-121.28524485	-1	832.848520762
 2015-08-17 21:45:09	1439847909	44538849	48.51861111	-119.66222222	-1	1162.47701031
 2015-08-17 14:34:29	1439822069	2285311118	46.65872	-121.47017	1	938.492780065
 2015-08-18 02:59:11	1439866751	306990185	45.69254569	-121.28524485	1	832.848520762
 2015-08-17 15:39:56	1439825996	196253880	46.65872	-121.47017	1	938.492780065
 2015-08-17 21:45:12	1439847912	90082730	48.51861111	-119.66222222	-1	1162.47701031
 2015-08-19 04:18:06	1439957886	40804860	47.8397408	-120.0159225	-1	1083.34609792
 2015-08-18 19:33:27	1439926407	18827892	47.84277778	-120.02138889	-1	1083.60212975
 2015-08-18 19:49:24	1439927364	18827892	47.84277778	-120.02138889	1	1083.60212975
 2015-08-18 18:08:54	1439921334	20283059	47.8397408	-120.0159225	-1	1083.34609792
 2015-08-19 00:25:32	1439943932	44538849	48.75638889	-118.46138889	-1	1209.35256819
 2015-08-19 01:59:46	1439949586	306990185	45.69254569	-121.28524485	1	832.848520762
 2015-08-18 21:45:27	1439934327	2847742887	46.55625461	-122.87656518	1	925.716320007
 2015-08-19 01:59:46	1439949586	306990185	45.69254569	-121.28524485	-1	832.848520762
 2015-08-18 21:45:27	1439934327	2847742887	46.55625461	-122.87656518	-1	925.716320007
 2015-08-19 01:59:46	1439949586	306990185	45.69254569	-121.28524485	1	832.848520762
 2015-08-19 01:25:36	1439947536	24133430	48.81942702	-117.39783796	1	1240.47873311
 2015-08-18 21:45:27	1439934327	2847742887	46.55625461	-122.87656518	-1	925.716320007
 2015-08-19 05:27:54	1439962074	24133430	48.89081699	-117.79256202	1	1238.309769
 2015-08-19 22:49:08	1440024548	17450228	47.8606572	-120.0790543	1	1084.76879937
 2015-08-20 00:47:19	1440031639	17450228	47.8606558	-120.0790605	1	1084.76856269
 2015-08-20 05:47:32	1440049652	1413999294	47.4260961	-120.3448263	-1	1033.72189593
 2015-08-19 19:44:16	1440013456	90082730	48.75638889	-118.46138889	1	1209.35256819
 2015-08-20 05:24:54	1440048294	18827892	48.43785193	-119.49956613	-1	1156.17164216
 2015-08-19 09:37:27	1439977047	90082730	48.33805556	-119.00166667	1	1153.93689996
 2015-08-20 02:17:39	1440037059	15774979	46.55625461	-122.87656518	-1	925.716320007
 2015-08-20 00:59:10	1440032350	3103897238	47.42931226	-123.21882783	1	1024.291956
 2015-08-20 05:30:47	1440048647	18827892	48.43785193	-119.49956613	-1	1156.17164216
 2015-08-20 05:24:54	1440048294	18827892	48.43785193	-119.49956613	-1	1156.17164216
 2015-08-20 01:54:49	1440035689	2984860748	48.17418285	-117.06663813	-1	1182.76240599
 2015-08-19 09:37:27	1439977047	90082730	48.33805556	-119.00166667	-1	1153.93689996
 2015-08-20 02:17:39	1440037059	15774979	46.55625461	-122.87656518	-1	925.716320007
 2015-08-20 00:59:10	1440032350	3103897238	47.42931226	-123.21882783	-1	1024.291956
 2015-08-20 05:30:47	1440048647	18827892	48.43785193	-119.49956613	-1	1156.17164216
 2015-08-19 21:36:47	1440020207	1266336608	46.6159632	-120.6692727	-1	940.863410529
 2015-08-20 15:41:11	1440085271	17450228	47.92062339	-120.21404664	1	1089.57428535
 2015-08-20 14:28:18	1440080898	610241068	47.8397408	-120.0159225	-1	1083.34609792
 2015-08-20 15:42:38	1440085358	18247597	48.363478	-120.122303	-1	1139.25976478
 2015-08-20 06:02:06	1440050526	18175961	48.3636	-120.121	1	1139.28938755
 2015-08-20 17:25:07	1440091507	777844	48.477787	-120.1851044	1	1151.0278993
 2015-08-20 13:36:27	1440077787	3010706766	48.046938	-117.316686	1	1162.5818212
 2015-08-20 15:42:38	1440085358	18247597	48.363478	-120.122303	-1	1139.25976478
 2015-08-20 06:02:06	1440050526	18175961	48.3636	-120.121	1	1139.28938755
 2015-08-20 17:25:07	1440091507	777844	48.477787	-120.1851044	1	1151.0278993
 2015-08-20 19:12:48	1440097968	90082730	47.99972222	-118.15944444	-1	1135.77921195
 2015-08-21 02:57:33	1440125853	137770766	47.6573906	-117.4134827	1	1119.77327111
 2015-08-21 15:04:42	1440169482	44538849	47.81361111	-120.03888889	1	1080.17316974
 2015-08-21 17:12:03	1440177123	51978127	46.5363236	-122.5330737	1	922.525342127
 2015-08-21 21:53:22	1440194002	50079975	47.65788553	-118.0406302	-1	1102.82922551
 2015-08-22 05:21:25	1440220885	23927363	46.88644379	-120.42565635	-1	973.543104015
 2015-08-21 17:12:03	1440177123	51978127	46.5363236	-122.5330737	1	922.525342127
 2015-08-21 21:53:22	1440194002	50079975	47.65788553	-118.0406302	-1	1102.82922551
 2015-08-21 15:19:37	1440170377	14153470	48.3122509	-119.6892499	-1	1139.5984682
 2015-08-22 05:21:25	1440220885	23927363	46.88644379	-120.42565635	-1	973.543104015
 2015-08-21 18:49:48	1440182988	189325731	48.377156	-119.549277	-1	1148.79724673
 2015-08-21 18:49:48	1440182988	189325731	48.377156	-119.549277	-1	1148.79724673
 2015-08-21 17:44:45	1440179085	615270448	48.52164308	-118.10918519	-1	1192.03049802
 2015-08-21 15:28:35	1440170915	25924728	46.73092353	-117.16160043	1	1033.59955469
 2015-08-23 01:31:04	1440293464	35149375	47.82277778	-120.77611111	-1	1072.63135677
 2015-08-22 19:45:03	1440272703	82478799	47.59626423	-120.65975909	1	1048.81310218
 2015-08-23 05:55:32	1440309332	90082730	47.81361111	-120.03888889	-1	1080.17316974
 2015-08-22 06:37:12	1440225432	1284464371	48.7139	-118.132	1	1211.86843286
 2015-08-22 19:43:49	1440272629	189325731	48.460849	-119.515146	1	1158.42571887
 2015-08-22 14:56:13	1440255373	17068454	48.37618	-119.553569	1	1148.62427565
 2015-08-22 16:59:01	1440262741	90082730	48.63194444	-118.01583333	-1	1205.82351845
 2015-08-23 02:26:03	1440296763	2370875653	47.662	-117.345	1	1122.22521884
 2015-08-23 02:01:53	1440295313	19084916	48.04840178	-117.61363653	1	1154.63233119
 2015-08-22 14:53:25	1440255205	24133430	48.535767	-117.907872	1	1198.20629468
 2015-08-22 16:58:58	1440262738	44538849	48.63194444	-118.01583333	1	1205.82351845
 2015-08-22 13:05:21	1440248721	24133430	48.60504499	-117.93058972	1	1204.96575878
 2015-08-22 22:57:44	1440284264	44538849	48.685	-121.25555556	1	1164.36956068
 2015-08-23 03:14:18	1440299658	276466746	48.7953787	-122.53298287	-1	1173.67738911
 2015-08-23 03:08:13	1440299293	276466746	48.7575493	-122.4905777	1	1169.4250766
 2015-08-22 21:35:06	1440279306	144171984	46.86405317	-121.49539587	-1	961.110459965
 2015-08-22 17:59:26	1440266366	3295602918	46.3172254	-120.0060672	1	917.706317451
 2015-08-23 07:49:40	1440316180	1284464371	48.7139	-118.132	-1	1211.86843286
 2015-08-23 21:57:02	1440367022	886181216	47.41998859	-121.41079142	-1	1023.23509029
 2015-08-23 23:27:56	1440372476	18280585	48.55	-119.75	1	1164.62795988
 2015-08-23 22:03:23	1440367403	546644367	47.6939705	-117.405922	1	1123.7471552
 2015-08-23 22:50:13	1440370213	2367271	47.70233424	-117.41171375	-1	1124.44063004
 2015-08-24 02:21:24	1440382884	17074573	46.0651	-118.33	1	929.521994925
 2015-08-24 01:45:47	1440380747	18605875	46.1957207	-123.4048996	1	889.0106711
 2015-08-23 14:56:42	1440341802	610186381	46.73092353	-117.16160043	-1	1033.59955469
 2015-08-23 19:34:03	1440358443	56750790	46.7362461	-117.1753693	-1	1033.67469172
 2015-08-24 02:01:16	1440381676	85335323	46.5539	-120.382	1	937.720287313
