 2015-08-29 04:35:50	1440822950	15615685	47.96919444	-123.49833333	1	1085.91303287
 2015-08-28 18:23:30	1440786210	2891394340	48.10280227	-123.50005081	1	1100.71418898
 2015-08-29 02:44:26	1440816266	215475719	46.23518	-119.09456	1	927.289875505
 2015-08-28 21:08:57	1440796137	3258096998	47.607185	-119.36395	1	1068.52472893
 2015-08-28 23:43:45	1440805425	919464055	47.86627335	-121.98947655	1	1070.5523867
 2015-08-29 01:30:46	1440811846	16807330	48.15234286	-122.27051812	-1	1102.04749065
 2015-08-28 13:25:51	1440768351	183532730	48.7719812	-122.524611	1	1171.06612189
 2015-08-29 22:08:59	1440886139	29307593	47.59559045	-120.66131903	1	1048.72273536
 2015-08-29 19:39:19	1440877159	2367664152	47.40238433	-120.32760666	1	1031.34021899
 2015-08-29 19:35:41	1440876941	2367664152	47.40238433	-120.32760666	1	1031.34021899
 2015-08-29 23:31:48	1440891108	1514165706	47.46703614	-120.33885348	1	1038.28534719
 2015-08-30 03:08:29	1440904109	389184424	48.05492617	-123.77488259	1	1097.58024853
 2015-08-29 19:54:51	1440878091	573279354	48.06	-123.83	-1	1098.62808091
 2015-08-30 02:04:41	1440900281	2728521	48.08247586	-123.37880524	-1	1097.65316568
 2015-08-29 07:02:05	1440831725	2307986042	48.10280227	-123.50005081	-1	1100.71418898
 2015-08-29 19:46:24	1440877584	34932060	48.26	-124.29	-1	1125.35649123
 2015-08-29 19:26:02	1440876362	34932060	48.28	-124.37	1	1128.48303944
 2015-08-29 16:01:42	1440864102	2290188270	46.8922568	-124.0321734	-1	972.108903715
 2015-08-29 13:48:14	1440856094	16588218	47.196406	-124.194156	1	1007.45289932
 2015-08-29 16:10:16	1440864616	34932060	46.88	-124.11	-1	971.701217771
 2015-08-30 03:44:42	1440906282	34928684	47.14	-119.32	-1	1019.04768687
 2015-08-30 03:12:46	1440904366	16588218	47.19679577	-124.20003954	1	1007.5685508
 2015-08-29 21:59:33	1440885573	16588218	47.19679577	-124.20003954	-1	1007.5685508
 2015-08-29 20:19:48	1440879588	34928684	47.14	-119.32	1	1019.04768687
 2015-08-29 16:01:42	1440864102	2290188270	46.8922568	-124.0321734	-1	972.108903715
 2015-08-29 13:48:14	1440856094	16588218	47.196406	-124.194156	1	1007.45289932
 2015-08-29 16:10:16	1440864616	34932060	46.88	-124.11	-1	971.701217771
 2015-08-30 03:44:42	1440906282	34928684	47.14	-119.32	-1	1019.04768687
 2015-08-29 18:47:46	1440874066	34932060	47.99	-122.36	1	1083.99720956
 2015-08-30 03:12:46	1440904366	16588218	47.19679577	-124.20003954	1	1007.5685508
 2015-08-29 21:59:33	1440885573	16588218	47.19679577	-124.20003954	-1	1007.5685508
 2015-08-29 20:19:48	1440879588	34928684	47.14	-119.32	-1	1019.04768687
 2015-08-29 20:44:10	1440881050	2687655288	48.18247313	-122.58682137	1	1105.61351499
 2015-08-29 16:01:50	1440864110	14835247	48.40070567	-122.66436212	-1	1130.01335801
 2015-08-29 21:25:19	1440883519	16268250	48.30899912	-122.64174262	1	1119.77527405
 2015-08-30 01:31:17	1440898277	189325731	48.286524	-122.662173	-1	1117.31726558
 2015-08-29 21:17:09	1440883029	14835247	48.30899912	-122.64174262	1	1119.77527405
 2015-08-29 22:22:12	1440886932	2838637597	48.15793625	-122.67792871	-1	1103.05763717
 2015-08-29 21:25:19	1440883519	16268250	48.30899912	-122.64174262	-1	1119.77527405
 2015-08-30 01:31:17	1440898277	189325731	48.286524	-122.662173	-1	1117.31726558
 2015-08-29 21:17:09	1440883029	14835247	48.30899912	-122.64174262	1	1119.77527405
 2015-08-29 22:22:12	1440886932	2838637597	48.15793625	-122.67792871	-1	1103.05763717
 2015-08-29 16:15:51	1440864951	261687803	47.68949974	-122.90086107	1	1051.65655272
 2015-08-29 13:27:55	1440854875	2150119910	47.8968506	-122.2905502	1	1073.6342727
 2015-08-29 21:16:27	1440882987	2307953611	48.4989662	-122.6902847	1	1140.98896958
 2015-08-29 21:37:47	1440884267	232981496	48.5617742	-122.3982194	-1	1147.58942817
 2015-08-29 21:15:23	1440882923	2307953611	48.4989662	-122.6902847	-1	1140.98896958
 2015-08-29 14:42:57	1440859377	14153762	48.08756025	-122.18945109	1	1094.88401541
 2015-08-29 15:26:54	1440862014	2288934264	47.8324826	-122.2348012	-1	1066.49405601
 2015-08-29 20:17:29	1440879449	113466949	47.83054088	-122.27820105	-1	1066.26313795
 2015-08-29 20:19:27	1440879567	113466949	47.8305704	-122.2781863	1	1066.26642355
 2015-08-29 18:32:46	1440873166	65652779	47.8079	-122.36	1	1063.74876393
 2015-08-29 19:48:08	1440877688	3739591	47.8079257	-122.30009307	-1	1063.74526315
 2015-08-29 18:20:24	1440872424	15315064	47.799015	-122.3323746	1	1062.7551195
 2015-08-29 20:16:56	1440879416	113466949	47.83054107	-122.27820182	-1	1066.26315892
 2015-08-29 20:29:53	1440880193	113466949	47.8305687	-122.27818315	-1	1066.26623519
 2015-08-29 21:00:51	1440882051	71118554	47.85983587	-122.33534921	1	1069.5184661
 2015-08-29 20:41:44	1440880904	113466949	47.83054579	-122.27819864	-1	1066.26368443
 2015-08-29 20:33:46	1440880426	113466949	47.83056886	-122.27818517	-1	1066.26625255
 2015-08-29 21:54:02	1440885242	16232493	47.86717461	-121.98871394	1	1070.65407629
 2015-08-30 01:37:13	1440898633	14755437	48.05507425	-122.11252301	1	1091.34632412
 2015-08-30 01:33:57	1440898437	22414394	47.8465985	-122.197849	-1	1068.08549891
 2015-08-30 00:26:35	1440894395	611370715	47.8938293	-122.3105316	1	1073.29682501
 2015-08-30 05:21:28	1440912088	104667452	47.7931289	-122.336627	-1	1062.10118495
 2015-08-29 19:28:18	1440876498	34932060	48.88	-122.63	-1	1183.22709067
 2015-08-30 02:24:12	1440901452	492807695	48.97744451	-123.08319691	1	1195.38193822
 2015-08-29 17:16:04	1440868564	1978531	48.94141327	-122.7614651	-1	1190.32541086
 2015-08-29 22:47:46	1440888466	30143470	48.91215115	-122.09368877	-1	1186.65891376
 2015-08-29 20:30:51	1440880251	583192902	48.747486	-122.457599	-1	1168.27687417
 2015-08-29 21:22:03	1440883323	565906740	48.955525	-123.215468	-1	1193.54326436
 2015-08-30 07:03:00	1440918180	34932060	48.28	-124.37	-1	1128.48303944
 2015-08-30 07:03:00	1440918180	34932060	46.88	-124.11	-1	971.701217771
 2015-08-31 00:51:16	1440982276	60228178	47.04307644	-124.17112887	1	990.348664095
 2015-08-30 20:29:18	1440966558	567527797	47.45980623	-123.86223548	1	1032.72849485
 2015-08-31 00:51:16	1440982276	60228178	47.04307644	-124.17112887	1	990.348664095
 2015-08-31 00:20:24	1440980424	21422095	48.18333333	-122.5	-1	1105.59130886
 2015-08-30 20:29:18	1440966558	567527797	47.45980623	-123.86223548	-1	1032.72849485
 2015-08-30 07:03:00	1440918180	34932060	47.99	-122.36	1	1083.99720956
 2015-08-31 00:51:16	1440982276	60228178	47.04307644	-124.17112887	1	990.348664095
 2015-08-30 23:02:19	1440975739	613561052	47.82228322	-124.00928723	-1	1074.15298099
 2015-08-31 00:20:24	1440980424	21422095	48.18333333	-122.5	-1	1105.59130886
 2015-08-30 20:29:18	1440966558	567527797	47.45980623	-123.86223548	-1	1032.72849485
 2015-08-30 07:03:00	1440918180	34932060	47.99	-122.36	-1	1083.99720956
 2015-08-30 06:05:04	1440914704	82647371	47.88909339	-122.30972727	1	1072.77022904
 2015-08-30 06:57:33	1440917853	12311002	47.82080697	-122.42444887	-1	1065.21541712
 2015-08-30 14:59:36	1440946776	16015621	47.96877485	-121.89369789	-1	1082.16075016
 2015-08-30 13:44:23	1440942263	34932060	48.28	-121.73	-1	1117.22493535
 2015-08-30 16:14:31	1440951271	338589988	48.26521462	-122.33359505	1	1114.59423107
 2015-08-30 16:18:19	1440951499	4826691	47.78640284	-122.08179474	-1	1061.51633228
 2015-08-30 16:15:32	1440951332	338589988	48.26521462	-122.33359505	1	1114.59423107
 2015-08-30 18:06:33	1440957993	28633611	48.04190989	-122.04961427	-1	1089.96997547
 2015-08-30 16:14:59	1440951299	338589988	48.26521462	-122.33359505	1	1114.59423107
 2015-08-30 19:11:37	1440961897	17311661	47.811383	-122.385301	-1	1064.14537416
 2015-08-30 19:55:15	1440964515	359738217	47.999132	-122.0994007	-1	1085.14297461
 2015-08-30 20:27:13	1440966433	636483074	47.7803116	-122.2426071	-1	1060.68945005
 2015-08-30 20:41:07	1440967267	377806516	48.08696052	-122.19017667	1	1094.81680032
 2015-08-30 23:05:42	1440975942	18647504	47.81016835	-122.37101302	-1	1064.00456449
 2015-08-31 00:18:51	1440980331	849738264	46.9699097	-122.8838196	-1	971.678367946
 2015-08-30 18:55:39	1440960939	1170207145	46.0461089	-118.3384719	-1	927.319289839
 2015-08-31 00:59:04	1440982744	18801519	46.9391518	-123.074707	-1	969.136905589
 2015-08-30 07:13:48	1440918828	455397361	48.8573423	-122.1431867	-1	1180.5128826
 2015-08-30 19:49:25	1440964165	1653721987	46.0675201	-118.3397369	1	929.489945682
 2015-08-30 19:05:34	1440961534	80329160	48.77326755	-122.46517244	1	1171.1496659
 2015-08-30 19:39:02	1440963542	2243336180	48.73507752	-122.46744384	1	1166.90533086
 2015-08-31 17:54:08	1441043648	1045819129	47.96919444	-123.49833333	1	1085.91303287
 2015-08-31 20:33:11	1441053191	142134365	47.76855226	-120.17342968	1	1073.43761478
 2015-08-31 22:10:31	1441059031	142134365	47.8402314	-120.02012182	1	1083.34145531
 2015-09-01 02:25:13	1441074313	573279354	47.89036763	-124.59996153	1	1088.74356795
 2015-08-31 18:12:13	1441044733	1486055971	47.215374	-119.9947205	1	1015.53173164
 2015-09-01 01:42:22	1441071742	573279354	47.605039	-124.371874	-1	1054.48950529
 2015-08-31 07:05:57	1441004757	16901225	47.8074608	-122.3267822	-1	1063.69367091
 2015-08-31 08:27:51	1441009671	1046953442	47.83350174	-122.33217082	-1	1066.5898407
 2015-08-31 16:34:58	1441038898	21944868	47.8113933	-122.2075137	-1	1064.16448088
 2015-08-31 22:08:00	1441058880	32170543	48.0198	-122.066	1	1087.48694217
 2015-09-01 04:37:22	1441082242	258882754	47.92754867	-122.2192222	1	1077.07281954
 2015-08-31 15:10:09	1441033809	59033864	48.96215258	-122.41345863	1	1192.11618362
 2015-08-31 17:19:22	1441041562	492807695	48.9841156	-123.0817719	1	1196.11666253
 2015-08-31 18:15:18	1441044918	39177722	48.7950325	-122.4878769	-1	1173.59003628
 2015-09-01 14:39:08	1441118348	62576102	48.10707733	-123.44197303	-1	1100.78929706
 2015-09-02 01:43:15	1441158195	502418664	48.07966081	-123.11900491	1	1095.89540038
 2015-09-01 15:41:30	1441122090	267863127	48.0998535	-123.425209	1	1099.87798163
 2015-09-01 16:28:09	1441124889	2432691992	47.45980623	-123.86223548	1	1032.72849485
 2015-09-01 16:46:04	1441125964	2290188270	46.8923097	-124.0321348	1	972.114260044
 2015-09-01 16:28:09	1441124889	2432691992	47.45980623	-123.86223548	-1	1032.72849485
 2015-09-01 16:46:04	1441125964	2290188270	46.8923097	-124.0321348	1	972.114260044
 2015-09-01 17:10:04	1441127404	198009957	47.82228322	-124.00928723	-1	1074.15298099
 2015-09-02 02:58:46	1441162726	1470851786	48.50849565	-122.25380208	-1	1141.65445448
 2015-09-01 16:44:46	1441125886	4826691	47.965206	-122.20883	1	1081.26620592
 2015-09-01 14:08:20	1441116500	833905411	47.8279	-122.305	1	1065.96599311
 2015-09-01 15:54:38	1441122878	1012599672	48.0198	-122.066	-1	1087.48694217
 2015-09-01 23:08:57	1441148937	128323916	47.81214	-122.383279	-1	1064.22865746
 2015-09-02 02:19:51	1441160391	3258096998	47.863802	-121.731857	-1	1070.98984776
 2015-09-02 04:19:24	1441167564	16376649	47.86717461	-121.98871394	1	1070.65407629
 2015-09-02 05:35:36	1441172136	2560676452	47.8518464	-121.985459	-1	1068.95675322
 2015-09-02 03:12:31	1441163551	374088738	46.99522806	-122.83002082	1	974.290157916
 2015-09-01 13:55:52	1441115752	1090948766	48.74624453	-122.45185139	-1	1168.13434091
 2015-09-01 16:16:45	1441124205	25968407	48.73166667	-121.06722222	1	1170.73586198
 2015-09-02 04:18:13	1441167493	810344635	47.02096444	-122.86862725	-1	977.28969143
 2015-09-01 22:51:14	1441147874	43389529	48.74759265	-122.48074459	1	1168.30867885
 2015-09-03 00:16:10	1441239370	2380595738	48.0998535	-123.425209	-1	1099.87798163
 2015-09-02 21:51:02	1441230662	24726027	47.9226775	-122.68331103	1	1076.92138513
 2015-09-02 21:13:08	1441228388	209718933	47.8336557	-124.24932078	1	1078.05731682
 2015-09-02 08:43:35	1441183415	357861358	48.02622055	-122.06813433	1	1088.19758756
 2015-09-02 12:47:21	1441198041	542152095	47.91336172	-122.26950351	-1	1075.47441888
 2015-09-02 14:43:37	1441205017	13440932	47.9487839	-122.3048325	1	1079.40767477
 2015-09-02 20:48:58	1441226938	82647371	47.88912937	-122.30977152	-1	1072.774229
 2015-09-02 22:45:58	1441233958	509714576	47.9002184	-122.23902435	1	1074.02382692
 2015-09-03 01:11:40	1441242700	3169299128	48.1811	-122.139	-1	1105.32879451
 2015-09-03 04:16:04	1441253764	477458250	48.08756025	-122.18945109	-1	1094.88401541
 2015-09-02 21:24:37	1441229077	1022956508	48.7573814	-122.4536819	1	1169.37404719
 2015-09-02 20:14:44	1441224884	128323916	48.750431	-122.480144	1	1168.62370912
 2015-09-03 15:07:26	1441292846	29576754	47.96919444	-123.49833333	1	1085.91303287
 2015-09-03 16:15:55	1441296955	342507010	47.8794183	-120.1564506	1	1085.79737345
 2015-09-03 07:17:56	1441264676	15652362	47.5964	-120.66	1	1048.82555689
 2015-09-04 01:40:39	1441330839	3171345757	48.09443035	-122.72291266	-1	1096.10279326
 2015-09-04 02:18:21	1441333101	34417925	47.9634	-122.201	1	1081.0705013
 2015-09-04 02:18:20	1441333100	38061499	46.0507365	-118.3420722	-1	927.692072809
 2015-09-04 03:05:56	1441335956	38061499	46.0514223	-118.3420551	-1	927.76326559
 2015-09-04 20:36:56	1441399016	3171345757	48.09443035	-122.72291266	1	1096.10279326
 2015-09-04 07:51:29	1441353089	207863232	47.91228332	-122.3001709	1	1075.34928872
 2015-09-04 07:47:18	1441352838	207863232	47.91228332	-122.3001709	1	1075.34928872
 2015-09-04 16:25:10	1441383910	314977509	48.03257368	-122.05993017	1	1088.91611747
 2015-09-04 21:46:22	1441403182	2326219356	47.8486786	-122.25	1	1068.28837253
 2015-09-05 00:22:13	1441412533	357861358	48.02628597	-122.06809368	1	1088.20492017
 2015-09-05 02:25:31	1441419931	466103384	47.86717461	-121.98871394	1	1070.65407629
 2015-09-05 00:31:11	1441413071	539597925	47.86717461	-121.98871394	-1	1070.65407629
 2015-09-05 05:29:54	1441430994	12735382	47.0519791	-122.8987656	1	980.850615496
 2015-09-05 02:56:25	1441421785	18605875	46.1957207	-123.4048996	-1	889.0106711
 2015-09-05 01:59:40	1441418380	115523155	48.95869029	-122.43950739	-1	1191.74713989
 2015-09-05 04:40:40	1441428040	224416088	48.74331167	-120.90522833	-1	1173.20520699
 2015-09-06 01:59:16	1441504756	886181216	47.96919444	-123.49833333	-1	1085.91303287
 2015-09-05 16:55:03	1441472103	452765668	47.96047072	-124.39084008	-1	1093.68284309
 2015-09-05 18:18:54	1441477134	14590880	48.04678996	-123.41817876	1	1093.95451135
 2015-09-05 17:20:13	1441473613	14590880	48.07976144	-123.10234844	1	1095.82750117
 2015-09-06 00:13:59	1441498439	886181216	47.96919444	-123.49833333	1	1085.91303287
 2015-09-06 03:19:51	1441509591	232680211	47.96932419	-123.49851608	-1	1085.92869754
 2015-09-06 04:34:30	1441514070	16862209	47.0969124	-119.9828033	1	1002.81266558
 2015-09-06 01:15:24	1441502124	2698773494	48.18333333	-122.5	1	1105.59130886
 2015-09-05 16:55:50	1441472150	87303559	47.82228322	-124.00928723	-1	1074.15298099
 2015-09-06 01:15:24	1441502124	2698773494	48.18333333	-122.5	1	1105.59130886
 2015-09-06 01:44:36	1441503876	128323916	48.435189	-122.342786	1	1133.49582757
 2015-09-05 23:32:56	1441495976	489013240	48.46221879	-122.33871411	-1	1136.50074708
 2015-09-05 16:39:01	1441471141	186436054	48.27771553	-122.3625869	1	1115.99022001
 2015-09-05 18:25:24	1441477524	772639508	47.967	-122.203	-1	1081.46944762
 2015-09-05 18:55:55	1441479355	35395625	47.94903813	-122.29458614	1	1079.43675695
 2015-09-05 20:43:12	1441485792	14538615	47.88051423	-122.22373464	1	1071.84046493
 2015-09-06 03:06:16	1441508776	146612119	47.8469	-122.237	1	1068.096128
 2015-09-05 23:14:55	1441494895	23648196	46.07676264	-118.29999994	1	931.594249173
 2015-09-06 20:06:18	1441569978	1709291	47.59538689	-120.66166522	-1	1048.69673195
 2015-09-06 06:19:25	1441520365	215752432	47.96919444	-123.49833333	1	1085.91303287
 2015-09-07 04:51:40	1441601500	1035751094	47.96919444	-123.49833333	1	1085.91303287
 2015-09-06 19:42:51	1441568571	37865157	48.2200928	-122.4766769	1	1109.65433509
 2015-09-06 19:42:51	1441568571	37865157	48.2200928	-122.4766769	1	1109.65433509
 2015-09-06 16:49:19	1441558159	73865715	48.502	-122.624	-1	1141.19680009
 2015-09-06 19:18:10	1441567090	18697093	48.39709121	-122.30903979	-1	1129.2570212
 2015-09-06 13:07:15	1441544835	104667452	47.7826162	-122.3502857	-1	1060.93481431
 2015-09-06 18:44:23	1441565063	2677713494	47.86717461	-121.98871394	1	1070.65407629
 2015-09-06 17:01:41	1441558901	23927363	46.06590123	-118.26434848	1	931.518674227
 2015-09-07 01:22:05	1441588925	39931486	48.70977	-121.09687	1	1168.11046743
 2015-09-07 19:13:53	1441653233	69315648	47.96919444	-123.49833333	1	1085.91303287
 2015-09-07 18:25:19	1441650319	452765668	48.0998535	-123.425209	-1	1099.87798163
 2015-09-07 21:35:58	1441661758	68004227	47.96919444	-123.49833333	-1	1085.91303287
 2015-09-07 07:12:09	1441609929	127352014	48.1466601	-123.13777391	1	1103.42028205
 2015-09-07 21:31:05	1441661465	1129690321	47.86144444	-123.92466667	1	1077.61575928
 2015-09-08 02:36:23	1441679783	23037595	47.8588116	-123.93316696	1	1077.40900069
 2015-09-07 20:42:29	1441658549	25263648	47.78883277	-122.35503795	1	1061.6272312
 2015-09-07 22:44:50	1441665890	18058185	49.00086082	-122.75574031	1	1196.91840857
 2015-09-08 06:22:32	1441693352	267863127	48.0998535	-123.425209	1	1099.87798163
 2015-09-09 01:36:41	1441762601	41726239	46.275627	-119.293884	1	927.072088695
 2015-09-09 05:23:31	1441776211	270611880	48.1015549	-123.4337311	1	1100.12279733
 2015-09-08 15:03:41	1441724621	333682542	47.45980623	-123.86223548	-1	1032.72849485
 2015-09-08 14:46:36	1441723596	597630661	47.86144444	-123.92466667	-1	1077.61575928
 2015-09-08 23:36:34	1441755394	26891421	47.86144444	-123.92466667	-1	1077.61575928
 2015-09-08 14:28:25	1441722505	473534351	47.79038	-122.355227	-1	1061.79932366
 2015-09-08 18:05:10	1441735510	342560825	48.21046493	-122.39248933	1	1108.52370778
 2015-09-08 22:47:55	1441752475	2683082268	48.06389933	-122.14829715	-1	1092.28854009
 2015-09-09 00:15:34	1441757734	19876275	48.2141103	-122.18398626	1	1108.95910092
 2015-09-09 02:33:23	1441766003	2169701890	48.752909	-122.470104	1	1168.89025218
 2015-09-10 05:11:44	1441861904	374675333	47.96919444	-123.49833333	-1	1085.91303287
 2015-09-10 01:14:26	1441847666	1569116706	47.0969124	-119.9828033	1	1002.81266558
 2015-09-10 01:14:26	1441847666	1569116706	47.0969124	-119.9828033	1	1002.81266558
 2015-09-10 01:14:26	1441847666	1569116706	47.0969124	-119.9828033	-1	1002.81266558
 2015-09-09 14:36:58	1441809418	19800624	47.8588116	-123.93316696	1	1077.40900069
 2015-09-09 18:41:45	1441824105	100438232	48.34102598	-122.34143173	-1	1123.02517673
 2015-09-10 05:05:14	1441861514	168267437	47.8663483	-121.6808701	1	1071.46157346
 2015-09-09 18:36:34	1441823794	6365072	48.7202988	-122.5030823	-1	1165.29610217
 2015-09-11 05:41:35	1441950095	168267437	48.11933482	-123.43051064	-1	1102.07061886
 2015-09-10 15:58:58	1441900738	47451581	47.45980623	-123.86223548	1	1032.72849485
 2015-09-10 15:57:28	1441900648	47451581	47.45980623	-123.86223548	-1	1032.72849485
 2015-09-10 15:32:31	1441899151	47451581	47.45980623	-123.86223548	-1	1032.72849485
 2015-09-10 15:29:06	1441898946	47451581	47.45980623	-123.86223548	1	1032.72849485
 2015-09-10 15:37:39	1441899459	47451581	47.45980623	-123.86223548	-1	1032.72849485
 2015-09-10 15:58:58	1441900738	47451581	47.45980623	-123.86223548	1	1032.72849485
 2015-09-10 15:57:28	1441900648	47451581	47.45980623	-123.86223548	-1	1032.72849485
 2015-09-10 15:32:31	1441899151	47451581	47.45980623	-123.86223548	-1	1032.72849485
 2015-09-10 15:29:06	1441898946	47451581	47.45980623	-123.86223548	1	1032.72849485
 2015-09-10 15:37:39	1441899459	47451581	47.45980623	-123.86223548	-1	1032.72849485
 2015-09-10 22:05:40	1441922740	113553202	47.86144444	-123.92466667	1	1077.61575928
 2015-09-11 05:32:41	1441949561	168267437	47.8588116	-123.93316696	1	1077.40900069
 2015-09-11 05:35:40	1441949740	168267437	47.86032885	-123.93463393	1	1077.59068194
 2015-09-10 15:58:58	1441900738	47451581	47.45980623	-123.86223548	1	1032.72849485
 2015-09-10 15:57:28	1441900648	47451581	47.45980623	-123.86223548	-1	1032.72849485
 2015-09-10 15:32:31	1441899151	47451581	47.45980623	-123.86223548	-1	1032.72849485
 2015-09-10 15:29:06	1441898946	47451581	47.45980623	-123.86223548	1	1032.72849485
 2015-09-10 20:51:48	1441918308	113553202	47.86144444	-123.92466667	1	1077.61575928
 2015-09-10 15:37:39	1441899459	47451581	47.45980623	-123.86223548	-1	1032.72849485
 2015-09-10 15:10:42	1441897842	432753603	47.80762962	-122.40503201	1	1063.7380339
 2015-09-11 18:41:23	1441996883	1390683979	48.06	-123.83	1	1098.62808091
 2015-09-11 21:12:13	1442005933	77894601	47.97100883	-123.49790617	-1	1086.11081068
 2015-09-12 02:21:29	1442024489	59925367	47.9508095	-124.3852921	1	1092.55475248
 2015-09-11 19:48:27	1442000907	30087376	47.94801353	-124.3854599	1	1092.25027344
 2015-09-11 19:43:55	1442000635	30087376	47.94801353	-124.3854599	1	1092.25027344
 2015-09-11 19:41:28	1442000488	30087376	47.94801353	-124.3854599	-1	1092.25027344
 2015-09-12 01:00:16	1442019616	92187531	47.9508095	-124.3852921	-1	1092.55475248
 2015-09-11 19:44:29	1442000669	14787727	47.86032885	-123.93463393	-1	1077.59068194
 2015-09-11 06:02:51	1441951371	357861358	48.02620052	-122.06808438	1	1088.19543406
 2015-09-11 08:34:48	1441960488	34282709	48.0827	-121.97	1	1094.64830086
 2015-09-12 01:50:13	1442022613	128323916	47.81214	-122.383279	-1	1064.22865746
 2015-09-12 01:34:58	1442021698	128323916	47.811251	-122.20762	-1	1064.14858955
 2015-09-11 23:47:29	1442015249	1344077016	47.78784265	-122.30922241	1	1061.51167121
 2015-09-12 05:20:50	1442035250	251899078	47.0452995	-122.8997726	1	980.112901066
 2015-09-13 01:05:30	1442106330	14787727	48.1015549	-123.4337311	-1	1100.12279733
 2015-09-12 22:42:12	1442097732	2584964116	47.96919444	-123.49833333	1	1085.91303287
 2015-09-13 01:24:04	1442107444	14787727	48.1015549	-123.4337311	1	1100.12279733
 2015-09-12 16:34:58	1442075698	92187531	47.9508095	-124.3852921	1	1092.55475248
 2015-09-13 01:19:50	1442107190	14787727	48.0998535	-123.425209	1	1099.87798163
 2015-09-12 23:16:30	1442099790	14787727	47.99030442	-123.52905096	1	1088.47091941
 2015-09-13 01:03:13	1442106193	623327582	48.0998535	-123.425209	-1	1099.87798163
 2015-09-12 06:12:18	1442038338	1397362147	47.9508095	-124.3852921	-1	1092.55475248
 2015-09-12 22:24:04	1442096644	92187531	47.9508095	-124.3852921	1	1092.55475248
 2015-09-13 01:08:05	1442106485	14787727	48.1015549	-123.4337311	-1	1100.12279733
 2015-09-12 16:33:45	1442075625	92187531	47.9508095	-124.3852921	1	1092.55475248
 2015-09-13 00:27:30	1442104050	623327582	48.0998535	-123.425209	1	1099.87798163
 2015-09-13 02:32:30	1442111550	15896098	47.96932419	-123.49851608	-1	1085.92869754
 2015-09-12 20:16:41	1442089001	18658829	46.9615443	-123.32153149	1	973.116069649
 2015-09-13 02:35:46	1442111746	28779639	46.9717	-124.155	1	982.318905716
 2015-09-12 20:16:41	1442089001	18658829	46.9615443	-123.32153149	-1	973.116069649
 2015-09-13 02:35:46	1442111746	28779639	46.9717	-124.155	1	982.318905716
 2015-09-13 05:08:47	1442120927	1390683979	47.8336557	-124.24932078	-1	1078.05731682
 2015-09-12 20:16:41	1442089001	18658829	46.9615443	-123.32153149	-1	973.116069649
 2015-09-13 02:35:46	1442111746	28779639	46.9717	-124.155	1	982.318905716
 2015-09-13 01:03:40	1442106220	22506408	48.0827	-121.97	1	1094.64830086
 2015-09-13 03:59:51	1442116791	7412032	47.8189392	-122.2910767	1	1064.9708635
